-0.24039794600801250857 0.043446427457049130449 -0.46176266243195041028 -0.24521393379053635364 0.045449550314573698706 -0.46238618025769401276 -0.96319755650476834852 0.40062457150491370683 -0.1247035651487186092 
-0.19851517501372964447 0.12140604175895236549 -0.53518086944792009341 -0.20281697718772404015 0.12127141677054990854 -0.5372943599662735048 -0.86036043479887813756 -0.026924997680492029906 -0.42269810367068028079 
-0.20447151699970628203 0.043434588606857740811 -0.53507587900347353127 -0.20945947641581014187 0.043444701187304472778 -0.53572975718441473436 -0.99759188322077152478 0.0020225160893461990863 -0.13077563618823812019 
-0.0097083870935338652947 -0.08408623146924053271 0.32149367883110924193 -0.012266004933370407495 -0.084891812449252312955 0.3223490406811352349 -0.51152356796730846789 -0.16111619600235543848 0.17107237000519504022 
-0.013373967287038547938 -0.091815585913260680528 0.37398997248258492032 -0.014630435514009618517 -0.085629085521446823837 0.37722863221038255288 -0.25129364539421417124 1.2373000783627723376 0.64773194555952628981 
-0.071125175841835586166 -0.080620230180373175788 0.37938384856966350656 -0.071552212698645797917 -0.074849026676713822925 0.38072385073998593619 -0.085407371362041517582 1.1542407007318704615 0.26800043406448303962 
-0.17909130595252442664 0.022337367112389788781 0.31374866156233632841 -0.18048948218954694034 0.024936951471596306013 0.31427115034083136225 -0.27963524740450107497 0.51991687184130341848 0.10449775569900414396 
-0.14470602687559225297 -0.028762677519437358092 0.38708939236978373577 -0.13844913899702498972 -0.023561083069554168007 0.38626733576223831745 1.2513775757134548705 1.0403188899766380171 -0.16441132150908810416 
-0.14933142153899181537 0.033493736362525894368 0.38249728400051696831 -0.14251461863958861387 0.034431326969626599444 0.38009316474971627242 1.3633605798806420761 0.18751812142014087637 -0.48082385016013551304 
-0.10926514421578292779 -0.058671164735250531941 0.38336017017064338841 -0.1072947466422316809 -0.051514503923610531488 0.38432364085790304831 0.39407951471024837975 1.4313321623280002015 0.19269413745193070264 
-0.13123415640816912808 -0.06080701236462634357 0.23380089859609456959 -0.13571639885200062481 -0.061258080065962700056 0.2331308605160054559 -0.89644848876629823486 -0.090213540267270853068 -0.13400761601782210097 
-0.18536171678867208179 0.024032253746843462022 0.27056481550591038321 -0.18885997076081223467 0.024878833884033755425 0.27195445532239692632 -0.69965079442803213006 0.16931602743805851397 0.27792796329730778959 
-0.14415666391405146385 0.15043531045072763841 -0.53260928975914223482 -0.14584883519815025621 0.14540479100820116742 -0.53659172005755551016 -0.33843425681975947139 -1.0061038885052968617 -0.79648605968266039667 
-0.17572567133931721317 0.13909881375219235178 -0.43565212352938559315 -0.17532743816066401199 0.13773386375384849556 -0.4386382983022104054 0.079646635730638570827 -0.27298999966877074419 -0.59723495456496555889 
-0.084050617100595900744 0.092416585308877655103 -0.53862717551362859769 -0.082770964844772115798 0.090362355284448969694 -0.5402500670363008517 0.25593045116475587886 -0.41084600488573608246 -0.32457830453445118968 
-0.038629964538487444881 0.045611904360712170192 -0.46278159739711505205 -0.036828272145212517796 0.046551201221706493827 -0.46319776176132937406 0.36033847865498513929 0.18785937219886517102 -0.083232872842863889207 
-0.050620216763958648942 0.052504450884904532715 -0.54050586357542951266 -0.046967887692775003861 0.052676881313171441956 -0.54129297291579647755 0.73046581423672951594 0.03448608565338223686 -0.1574218680733968645 
-0.0091429437421531832564 -0.089500547538932051506 0.28802238063454427275 -0.011998248637885467957 -0.091514706029019288192 0.28915731131023331146 -0.57106097914645692626 -0.402831698017446449 0.2269861351378088532 
-0.18957433061045575462 0.022721998294490636933 0.23066609444374838733 -0.19475762209763217148 0.02644376780050368414 0.23295790305103666884 -1.0366582974352813729 0.74435390120260946922 0.45836172145765879948 
0.082759249956641883772 -0.063424803464697504518 0.38114416325830685617 0.079554764329909766207 -0.060757209178750694323 0.38169859237257847129 -0.640897125346423846 0.53351885718936231662 0.11088582285432554975 
0.11332897413942663589 -0.08245086199426363005 0.23083786227528507728 0.11478713085024591645 -0.082358409871730625662 0.23167364961997127804 0.29163134216385677711 0.018490424506599850707 0.16715746893723909539 
0.12115007987062556549 -0.03221085725689128848 0.38257450748404486784 0.11493843111963333858 -0.029679050435371379796 0.38294136213747487218 -1.2423297501984440494 0.5063613643039819312 0.073370930686004809385 
0.044502485422704837759 -0.080511631364174371384 0.37883998918087025132 0.041821349750818928581 -0.079544393261390428096 0.37950208676088831306 -0.5362271343771813914 0.19344762055678940693 0.13241951600361145935 
0.12272512774635992161 0.18688904253881891138 -0.5310869350678474321 0.12765941162377666962 0.19166725050770688776 -0.52653325497538394639 0.98685677548334838072 0.95564159377759594349 0.91073601849269114616 
0.16548602947793655815 0.17334257493948893036 -0.43808265283872532825 0.16951748410027867031 0.17481398102808543005 -0.43395891574504191768 0.80629092446842176578 0.29428121771930093598 0.82474741873668111491 
0.17073935685904462201 0.14693083407476531521 -0.5384694318122461576 0.17452250764638865821 0.15083169024183010198 -0.53508414473346344042 0.75663015746880746271 0.78017123341295546712 0.67705741575653377584 
0.18435334845091805311 0.07101394136738661822 -0.54259710940158589754 0.18953044145277905819 0.075441688782481960973 -0.54182477535743545083 1.0354186003722014586 0.88554948301906755148 0.15446680883009197838 
0.20643832356087193913 0.066642169829578962181 -0.46525631239998593847 0.21023105561991517476 0.068800874768558770156 -0.464315745191756446 0.75854641180864978978 0.43174098779596231656 0.18811344164589835493 
0.075939186918721410247 0.12012454807336810092 -0.54370841796487179298 0.080946219735911040249 0.12540957062996080373 -0.54142026573901491648 1.0014065634379263336 1.0570045113185404517 0.45763044517136697298 
0.03546130723925679934 0.070262780686485157289 -0.46783715875323161892 0.035663522613593671984 0.077399899527561072388 -0.46664480250923934257 0.040443074867374695369 1.427423768215184019 0.23847124879845132961 
0.16912701986705225288 0.01054728489228154778 0.26611739625628150208 0.16722740797091908971 0.009387985733414636047 0.26954488333377984999 -0.37992237922663057992 -0.23185983177338220784 0.68549741549967380116 
0.16000419722302042236 0.0084696685220282414558 0.30930740750105556458 0.15881196195675417737 0.009988849058343806514 0.31097932730637323218 -0.23844705325325155076 0.30383610726311305328 0.33438396106353257542 
0.021005745513322134077 0.058895587522068491848 -0.33887664032319020357 0.018814604644733279315 0.062013193595535753833 -0.33835404879175795534 -0.43822817371777078588 0.62352121469345211935 0.10451830628644862009 
0.025842921045472085767 0.067079717701810301356 -0.39483556164104816055 0.024627903614714032748 0.071684285653905471802 -0.39400934824334099549 -0.24300348615161060373 0.92091359041903464444 0.16524267954142971004 
0.12054942099235017861 -0.033003527097491755504 -0.35048189764199710883 0.11717623664615600676 -0.030823716609033505187 -0.35151598903356123804 -0.67463686923883536828 0.43596209769164973036 -0.20681827831283117192 
0.046451691457436800059 0.075480851725645808914 -0.54578386483170204801 0.047434100081790643577 0.083867717011705325558 -0.54438491533548516443 0.19648172487076853709 1.6773730572119021076 0.2797898992433809906 
-0.0070660374862698844406 -0.10194417108177025733 0.22885179639647446059 -0.010347061274716370591 -0.10347852084788322635 0.22995825543531894786 -0.65620475768929731331 -0.30686995322259458252 0.22129180776889878501 
0.048405927168842032005 -0.071590037490009139631 0.2170313188968382434 0.045171972660218169537 -0.072937015114150932638 0.21736211906955041351 -0.64679090172477304854 -0.26939552482835987801 0.066160034542434117966 
-0.24858821968549910109 0.017860033787306245356 -0.024127983607741855521 -0.24281378671860043283 0.019174836108847802957 -0.025322652173145922261 1.1548865933797345384 0.26296046430831121477 -0.23893371308081348681 
-0.21664283661682259829 0.1342204706481596177 -0.0886072714705647968 -0.22052259366395088325 0.12956716280050781243 -0.08883689714250078695 -0.77595140942565521414 -0.93066156953036260902 -0.04592513438719686425 
-0.24948822646381574319 0.022049755359905123808 -0.11137785334375013835 -0.24423933130566305438 0.022868008704709185536 -0.11244771756454703671 1.0497790316305390945 0.16365066896081220671 -0.21397284415938050417 
0.13194313988223260736 0.018724718561711890114 0.38079576182643198878 0.12398317530753935611 0.019264004959512224385 0.38028954807321535547 -1.5919929149386489176 0.10785727956006663231 -0.10124275064332866059 
0.12011215851192293125 0.17389702825308450684 -0.35312562038832118194 0.1185202339302141028 0.17422284212113683943 -0.3509690231689354678 -0.31838491634176552258 0.065162773610467045193 0.43131944387714732381 
-0.028876166609090554022 0.040224506641312836319 -0.38985377454492392557 -0.028057823973771333498 0.042499322942702082162 -0.39002215948854979111 0.1636685270638442713 0.45496326027784872448 -0.033676988725171497219 
-0.24325044455480154815 0.041676276374150833526 -0.39120138513582536355 -0.24761488552335339519 0.043517347730877245504 -0.39186406589016609114 -0.87288819371036874273 0.3682142713452830618 -0.13253615086814343749 
-0.12608499402580328197 0.13655816341451174067 -0.35140887233078299534 -0.13029678001577055246 0.13596386805840085521 -0.3525532640691526054 -0.84235719799345365466 -0.11885907122217795329 -0.22887834767392134516 
-0.024311633426969462418 0.031555995091352408155 -0.33400606833912843685 -0.024109932117505186722 0.034794551976754427292 -0.33401100790782323191 0.040340261892855000525 0.64771137708040393832 -0.00098791373896425782597 
-0.070122322444767931637 -0.097156948112546104301 0.22112360465729041792 -0.073704725731558604074 -0.097094217121911088886 0.22103193104067131447 -0.71648065735813371013 0.012546198127004193346 -0.018334723323823437502 
-0.013137150695672200618 -0.081868686682765715035 0.10667835953785551051 -0.0133412679744770446 -0.078980860621007523137 0.10849436859675022637 -0.040823455760968893613 0.57756521235163926775 0.36320181177894383939 
-0.010499850104263490011 -0.088219075774577465632 0.18139730359593084219 -0.012651995972638404794 -0.089200276665976116486 0.1827015103554775477 -0.43042917367498306769 -0.19624017827972978223 0.26084135190934082393 
-0.24028274628397763846 0.016902363862571583714 0.10180720473662537018 -0.23694990657517886468 0.018437329766699383365 0.10031800227547375826 0.6665679417597525358 0.30699318082555987486 -0.29784049223032349474 
-0.13334838420113548363 -0.091159416186284300543 0.064661424165260009134 -0.13330917641240325189 -0.09027921517965584175 0.062936999042004823646 0.0078415577464484020886 0.17604020132569203616 -0.3448850246510360984 
-0.25039981117492671192 0.027090227970796278145 -0.20940582628515078123 -0.25058857422037217333 0.025364013846043219347 -0.21032919223689749977 -0.037752609089093558392 -0.34524282495061175968 -0.18467319034934148725 
-0.013253660174902582441 0.028735848715454231916 -0.22218831998385632498 -0.014051416719658519142 0.03338185525765584305 -0.22216350710910270916 -0.15955130895118740941 0.92920130844032233774 0.0049625749507247463033 
-0.0087443854155726512961 -0.031805381460712801867 0.075989053070177406402 -0.0099013746350296773929 -0.030254883644926507807 0.076366987942165606706 -0.23139784389140535814 0.31009956315725906162 0.075586974397640338541 
-0.121608154804345725 -0.075098539980837472618 -0.079448514725892968591 -0.11888705731405446731 -0.071787564292510541719 -0.080961283480286930225 0.54421949805825120539 0.6621951376653860688 -0.30255375087879127216 
0.0013460262421605266071 0.019598931048253644127 0.0079315252299558755555 -0.0038055560920678111435 0.030025735209543304161 0.0091715551699413436215 -1.0303164668456674669 2.0853608322579324508 0.24800598799709375197 
-0.01456334787226069849 0.015618273510909786925 0.075289808544636335763 -0.016828170722246585389 0.017240642903076180276 0.075490081867078756561 -0.45296456999717737979 0.32447387843327868406 0.040054664488485269835 
-0.2475778126888324715 0.014363022337485636254 0.046946847852162604253 -0.24251485026720862037 0.016135334639248436611 0.04565900226280455998 1.0125924843247711138 0.3544624603525597939 -0.25756911787160935434 
0.17317573315143744428 0.0062004052061312838959 0.22773369845241586695 0.17253727865972892652 0.0088770875281771847998 0.23054840066546239408 -0.12769089834170488373 0.53533646440918036813 0.56294044260930720114 
0.19146022854055824713 0.0065335861090127971343 0.18745200470691344985 0.18935127821385652758 0.0098411676464866121306 0.18967823930766855578 -0.42179006534034146902 0.66151630749476297844 0.44524692015102007581 
0.10550081615409433178 -0.10396646783773376421 0.069021430353925911083 0.10627760787723268543 -0.10223925274731925084 0.060207676718335274846 0.15535834462766942576 0.34544301808290234224 -1.762750727118127303 
0.17969424334274095023 0.14886732971269581172 -0.087616021217111608732 0.18133434407919299391 0.14426432183171131185 -0.084641262400992664516 0.32802014729040734897 -0.92060157619689930719 0.59495176322378795497 
0.00085441046952009955771 0.04806037272274728267 -0.22902169003208563969 0.0015967647378668646963 0.045563693924453911588 -0.22803551038183550448 0.14847085366935303119 -0.49933575965867404989 0.19723593005002693079 
0.067303928245407984576 0.1283184334375786495 -0.090726089804848683573 0.06647646263175444048 0.12863032713877192714 -0.089257100901055194675 -0.16549312273070959645 0.062378740238656554817 0.29379778075869694698 
0.21338212431125344604 0.061242492629645872704 -0.39348834365971507854 0.21441219749537898664 0.062116220298904359365 -0.39259347351648848923 0.20601463682510598452 0.17474553385169688813 0.17897402864531788969 
0.2082253491561213421 0.042859801707537885374 -0.21301701971664693813 0.2067021157807359677 0.043299677502084979452 -0.21257120979172255959 -0.30464667507707615668 0.087975158909418121889 0.089161984984878456251 
0.18835342775081190259 0.03380596324126911717 -0.11882557096234415417 0.1870749782241157011 0.037372150002425844062 -0.11715914675472782758 -0.25568990533924301767 0.71323735223134610006 0.33328484152326454115 
-0.011545361228414832699 0.041219046472275651383 -0.12719720415222543486 -0.014169261643990484906 0.042899557917234425186 -0.12671712067221857501 -0.52478008311513058004 0.33610228899175453865 0.096016696001373053049 
0.20047710525104200929 0.0074392879951603995553 0.092696930520569223444 0.200071486382753988 0.011857626963978252707 0.09452134236747861129 -0.081123773657601705445 0.88366779376357063036 0.36488236938187668112 
0.092718579024225186713 -0.097302083238595640791 -0.086307153380949033772 0.094975688584272480175 -0.092400104097911481271 -0.086841886154567782263 0.45142191200945830376 0.98039582813683257001 -0.10694655472374856031 
-0.0023715107739971717608 0.036340345258297358788 0.032484939265437912104 -0.0050747901028419216407 0.033719003529544752662 0.011354157604430106798 -0.54065586576894997251 -0.52426834575052183585 -4.2261563322015609501 
0.0060140814853398604292 0.02467103010165708557 -0.073317926599642022079 0.0027319571865713231963 0.025159456446638989863 -0.073600582344290316206 -0.65642485975370745699 0.097685268996381163786 -0.056531148929658277258 
0.18291106981494462125 0.11595669709008475656 0.046255055068481744363 0.17967224101712978013 0.11916481002480941442 0.048705341989963388261 -0.64776575956296733594 0.64162258694493057298 0.49005738429632883513 
0.14364650506310513989 0.13761990785735125908 0.1501501868961955255 0.14101084995036278213 0.14159426653359094561 0.15270614778868557559 -0.52713102254846933015 0.79487173524793797164 0.51119217849800979714 
0.00074645846916743068249 0.039230860150332287628 -0.13479669003360467139 -0.00044687136325221937187 0.040624249553178677641 -0.13469137631836455848 -0.23866596648393001434 0.27867788056927766949 0.021062743048022487119 
-0.14039314436663269392 -0.046060753703880311094 -0.34836473771702353153 -0.14072084034140935893 -0.039839314551624871452 -0.3492169495660809031 -0.065539194955333668346 1.2442878304510871512 -0.17044236981147542487 
-0.24734619898350665435 0.034366980334904422001 -0.31883434948741801174 -0.24973044219230494667 0.036433184089050857368 -0.31938855248512348917 -0.4768486417596600746 0.41324075082928735103 -0.11084059954109855284 
0.22024059796754494323 0.060340772818655998011 -0.3209488541334423739 0.215925123550611886 0.058291317341943330033 -0.32099474661999471969 -0.86309488338661322082 -0.40989109534253354017 -0.0091784973104651369769 
0.0019178686379914967452 0.04627208982634072737 -0.067897681829951248011 -0.0041933956463642363746 0.043039062508496345183 -0.065855111451869507988 -1.2222528568711465979 -0.64660546356887582675 0.40851407561634700549 
-0.010120199816254220326 0.13652857059935610828 0.12396455306582775113 -0.012421058777319259753 0.13577267792609964969 0.12740238423092387077 -0.46017179221300807956 -0.15117853465129141299 0.68756623301922492608 
0.076412392790253566566 0.1503342025829199069 0.09925580798015726236 0.073128834049429838893 0.15030714042527687502 0.10146266800621994708 -0.65671174816474520153 -0.0054124315286063536673 0.44137200521253583396 
-0.21348842844983190181 0.025025461929889560031 0.19390443752809416456 -0.21557369129209383307 0.026773428778553379909 0.19414127014900570134 -0.41705256845238897201 0.34959336973276389227 0.047366524182307079283 
-0.16270332185578087469 0.15042505436800399088 0.14552691616055130064 -0.16445728238356147055 0.15368400693693035075 0.14561394374630212689 -0.3507921055561175061 0.65179051378527397276 0.017405517150167582052 
-0.21050753406104130705 0.11483298418049912859 0.048327729583122022716 -0.21140390311671922174 0.11787084738049889709 0.047801030958388224246 -0.17927381113558429893 0.60757263999995247961 -0.10533972494675947207 
0.19370011707369322318 0.012779645705318955218 0.038945883207242397439 0.19639605381751404356 0.016281039042791628502 0.040378457005150338033 0.53918734876416307689 0.70027866749453449025 0.28651475958158845181 
-0.054794815168651041237 0.12084302291364282245 0.04768672884374038079 -0.056035759882967162149 0.12244440862884616028 0.04753747698957445228 -0.24818894286322373821 0.32027714304066629003 -0.029850370833185417563 
-0.0077626613333759541397 0.10341960142036628334 0.10269671873928672146 -0.010306725014969101567 0.10519208934640503217 0.10295421063581017274 -0.50881273631862966589 0.35449758520775032089 0.051498379304689007041 
-0.011636716725725642849 0.072248370886198176599 0.084168420953129555184 -0.011599141070600112874 0.073668180490701562491 0.084978331141867993748 0.0075151310251058700551 0.28396192090067601255 0.16198203774768668572 
0.19113744378450406303 0.020910559363449612857 -0.031231439757840064736 0.1906315404778782252 0.024830827638173867677 -0.029573817406289368975 -0.10118066132516836952 0.78405365494485068645 0.33152447031013942969 
0.11690908250870368779 0.13539229731507396171 0.25531988203934158355 0.11596248899101742336 0.1431808687877861308 0.2592683577666451411 -0.18931870353725210876 1.5577142945424360398 0.78969514546071550853 
-0.13145064183910676325 0.15447390488720441626 0.25129620984201173073 -0.13381400929612716211 0.15872990049979096572 0.25175928178212558795 -0.47267349140407988184 0.85119912251731055797 0.092614388022776272802 
-0.0069969508629564025615 0.18365909363286317402 0.17706284435094291063 -0.0081285700212576656593 0.18380054138888013426 0.17966593268416655715 -0.22632383166025268895 0.028289551203390050915 0.52061766664472830524 
-0.10438732368891867619 0.12334640332853277767 0.37202708483941043793 -0.10536532985650161331 0.13176346474837852263 0.37341598032127720774 -0.19560123351658798008 1.6834122839691498807 0.27777909637335596038 
-0.065586812847427664042 0.13121294285677456704 0.36260427831580710478 -0.065761461736683443635 0.13393198983082943432 0.36241831895993553703 -0.034929777851154808488 0.54380939481097545496 -0.037191871174311469384 
-0.13181924021404425873 0.10416384189945558647 0.37763059846293794974 -0.12767432803726092017 0.10459265021223319858 0.37716063292441570631 0.82898243535666560344 0.085761662555522977236 -0.093993107704452363849 
-0.13696749255177387283 -0.022574168100733135733 -0.55231003600399264375 -0.13990443259435067502 -0.015716521610728308861 -0.55313674478664387468 -0.58738800851535966085 1.3715292980009654578 -0.16534175653025617869 
-0.20456143406853244393 -0.0065338697473049855632 -0.54155170444145217523 -0.20821021722723406788 -0.0067278908453262962 -0.53978583302357063811 -0.72975663174032434632 -0.038804219604262113474 0.35317428357630514801 
-0.0037622173532929252884 0.18767705639021764474 0.31548136091266831826 -0.0045030205350842754386 0.19490444970305562111 0.31833123014746644852 -0.14816063635827000922 1.4454786625675943856 0.56997384695963060341 
-0.0056420647229397189598 0.1994939292271334097 0.24929199398301868373 -0.0055701781625592163699 0.20324073404645576213 0.25139946311899930009 0.014377312076100490223 0.74936096386446882089 0.42149382719612205062 
-0.0066022038289786635565 0.14718548021480146182 0.34610386084252053873 -0.0076700822156588691764 0.14887661451622213882 0.34387366433405597288 -0.21357567733604101989 0.33822686028413329051 -0.44603930169291594598 
-0.072479922892220757791 0.00098556188932164478719 -0.54389055514759843124 -0.073786090002875739935 0.0033063634159331534677 -0.54429103385492960676 -0.26123342213099509657 0.46416030532230173611 -0.080095741466227637906 
0.11504398804029636327 -0.020499992445006880171 -0.55581373924094057415 0.11640519296411973305 -0.010185422808732981156 -0.556692321645879451 0.27224098476467517571 2.0629139272547796224 -0.17571648098777256641 
0.11740318113688821833 0.093522488651201496346 0.37897788849859359583 0.10916243234402815687 0.09041050033268598074 0.38137783114346285318 -1.6481497585720124022 -0.62239766370310223298 0.47998852897384725047 
0.054004060232474004888 0.13159160006892534067 0.37087752317810085412 0.051402452915841494174 0.13542217745267476348 0.3724534418625101706 -0.52032146332650164311 0.76611547674988189627 0.31518373688186251957 
0.085222742758622849202 0.11078625841123569684 0.37697941314352656494 0.0801942035140634224 0.11165380001074802496 0.37783650495006138037 -1.0057078489118846942 0.17350831990246692871 0.17141836130696708196 
0.17292970016024333813 0.019108292212808419136 -0.54954927815973808602 0.17715518809354552365 0.023990586327728359584 -0.54902300922942637307 0.84509758666043732767 0.97645882298398767318 0.10525378606233198875 
0.060422075999943654356 0.021295994699878841028 -0.54969733740885740048 0.060513421228562819243 0.029675563729141114094 -0.54923623544126676244 0.018269045723832658124 1.6759138058524545301 0.092220393518127094512 
0.030621384087685343117 0.13169777474256627592 0.043500656094033182675 0.027936844481957750358 0.13349962848579222108 0.0442876442332191117 -0.5369079211455187739 0.36037074864518664485 0.1573976278371854165 
