-0.464212 0.157114 -0.494606
0.469669 0.15239 -0.497342
0.497977 -0.000307794 0.496683
-0.497979 -0.000305921 0.496692
4.77407e-05 -0.0990744 -0.0281082
-0.000425007 0.112378 0.40432
-0.0126169 0.143517 -0.461218
0.48094 0.0420534 -0.00989669
-0.479426 0.0419602 -0.00996515
0.243825 -0.0507469 0.223124
0.236027 0.0511019 -0.258841
-0.245068 -0.0569215 0.223636
-0.226008 0.0798539 -0.24862
0.242744 -0.0205105 -0.0211815
-0.000780844 -0.0129312 -0.271476
-0.239903 -0.0159239 -0.0195329
0.396709 -0.0266135 0.313564
0.24873 0.0740534 0.430178
-0.248945 0.072114 0.432977
-0.213171 0.174449 -0.469385
0.21941 0.171744 -0.472885
0.478578 0.0761801 -0.258631
0.481404 0.0184489 0.241035
-0.480964 0.0177034 0.241102
-0.473509 0.0742331 -0.259421
0.322063 0.100857 -0.327647
0.0698255 -0.0566502 -0.113623
0.365526 -0.0337463 0.357788
0.122948 -0.0623035 0.0893819
0.360335 0.00300086 0.111271
-0.283541 -0.0244255 0.320611
0.350777 0.104366 -0.375877
-0.391948 -0.0131638 0.416752
-0.123531 -0.0764134 0.0915855
-0.365931 -0.0335385 0.358291
0.155406 0.0605099 -0.327823
-0.175006 -0.0416663 0.223897
-0.365881 -0.0361905 0.337787
-0.393693 -0.0277996 0.384106
-0.442498 -0.0154846 0.391987
0.0284262 0.0516686 -0.361808
-0.35517 0.0327793 -0.00961769
0.0523936 -0.0124895 -0.239641
0.404725 -0.0273749 0.345489
0.206345 0.0870806 -0.334379
-0.000417181 -0.0452191 -0.149747
0.241781 -0.0392695 0.10243
0.35695 0.0314374 -0.0107249
0.121657 -0.0599635 -0.0296879
-0.362421 -0.0204075 0.235245
-0.34996 0.0890233 -0.252145
0.349421 0.114768 -0.405356
-0.0309702 -0.0917994 -0.00942318
-0.322903 -0.025377 0.351547
0.35507 0.0678203 -0.16258
0.13095 0.0481216 -0.327553
-0.19096 -0.0381154 0.238498
-0.242175 -0.0426551 0.102895
5.62346e-05 -0.087754 0.015479
0.244657 0.000913263 -0.144182
0.364156 -0.0232596 0.234113
-0.468611 0.102014 -0.382133
-0.477404 0.055054 -0.135061
-0.480321 0.030857 0.115709
-0.483081 0.00594558 0.367639
0.482692 0.00713064 0.367837
0.481365 0.0299778 0.115394
0.480172 0.0558325 -0.134689
0.475485 0.105025 -0.381197
0.345552 0.166536 -0.483676
-0.237376 0.0165335 -0.140798
-0.088906 0.15693 -0.467621
-0.339686 0.170405 -0.481366
-0.370917 0.039651 0.456558
-0.126664 0.100957 0.412767
0.125836 0.100859 0.411952
0.368609 0.0380856 0.457585
-0.127832 -0.0221754 0.198823
-0.441988 -0.00573281 0.361937
-0.419286 0.00983958 0.208472
0.0927485 0.163834 -0.462286
-0.427477 -0.019169 0.426163
0.426863 -0.0191066 0.425738
-0.106454 -0.0826525 0.064071
-0.430845 0.0187707 0.473174
0.428737 0.0179156 0.474138
-0.421762 -0.00530844 0.301921
0.422558 -0.00689202 0.301323
-0.485858 0.00169346 0.43197
0.485548 0.00130206 0.431918
0.0184673 0.120712 -0.424721
-0.305515 -0.0461717 0.29078
0.304795 -0.0446404 0.290241
0.426871 -0.0198679 0.362997
-0.48923 -0.000703614 0.464325
0.489057 -0.00110149 0.464284
0.427054 -0.0198324 0.413996
0.483741 0.00455736 0.399923
0.265604 -0.0414094 0.293072
-0.399376 0.00852726 0.441568
-0.0197761 0.101433 -0.429149
-0.401411 0.0395321 0.00686579
0.460036 0.00822577 0.483931
-0.462024 0.00853844 0.483656
0.457334 -0.011675 0.412756
-0.469063 0.000254865 0.399217
-0.0372578 -0.0292731 0.12789
0.426758 -0.019061 0.394428
0.395994 -0.0271535 0.391709
0.353896 0.0157659 0.415754
-0.0202027 0.0356596 -0.350489
-0.443985 -0.00740553 0.45671
-0.31304 0.015291 -0.029353
-0.412272 -0.0233599 0.34633
-0.435296 -0.0186822 0.395283
0.459125 -0.00954152 0.459822
0.442936 -0.00673317 0.455924
-0.481775 0.0111363 0.304091
0.481675 0.0129175 0.30422
-0.475269 -0.0065804 0.462262
0.457726 -0.0103268 0.436462
-0.436758 -0.0166115 0.411144
0.451968 0.00161829 0.334814
0.454577 -0.00614443 0.381667
0.491734 -0.00154564 0.480521
-0.44288 -0.015076 0.427453
-0.492421 -0.00125163 0.480509
-0.390425 -0.00452158 0.422216
0.389987 -0.00299503 0.421041
-0.306717 -0.0180545 0.344641
0.452101 0.00162554 0.469151
0.467854 -0.00301288 0.474899
-0.223587 0.100734 -0.306183
0.420842 0.00343417 0.239059
-0.452676 -2.32402e-05 0.470915
0.477651 0.0028481 0.489603
0.0849793 0.162679 -0.462063
-0.420016 0.00440348 0.239522
-0.459915 -0.00985397 0.460006
0.453446 -0.00329357 0.366092
0.474294 -0.00645179 0.45818
-0.367917 -0.0369104 0.295669
-0.485357 -0.00396481 0.479086
-0.468613 -0.00440453 0.475833
-0.460218 -0.00792899 0.413685
0.487067 -1.55514e-05 0.448063
-0.376659 -0.0236109 0.392991
-0.478579 0.00275965 0.489736
-0.280708 0.0174707 0.371984
-0.27369 -0.0376079 0.301769
0.367284 -0.0369786 0.295446
-0.487282 0.000645787 0.448159
-0.34118 -0.0214486 0.369239
0.458602 -0.0111757 0.448215
0.476554 -0.00377758 0.477452
0.376496 -0.0225085 0.391886
0.434518 -0.0140397 0.441506
-0.421144 -0.000122668 0.449077
-0.182227 -0.0489197 0.21678
-0.187066 -0.0733683 0.094575
0.30625 -0.0187561 0.343689
-0.353817 -0.0367341 0.34068
-0.220648 -0.0511553 0.236487
-0.209209 -0.0269276 0.25877
-0.466004 -0.00794327 0.44557
-0.159428 0.106928 -0.364714
0.40509 -0.01881 0.416649
0.202315 0.0549196 -0.282248
-0.391316 -0.00808313 0.237496
0.243088 -0.0387312 0.281558
-0.359341 0.00571103 0.0963458
-0.302466 -0.0280128 0.137823
0.361609 -0.00941421 0.172824
-0.0441462 0.132626 -0.423217
0.0725464 0.0166589 -0.296595
0.429027 0.00907999 0.461561
-0.459038 -0.0115918 0.444527
0.307016 -0.0496527 0.228204
0.0907557 -0.0615669 0.119521
-0.20613 0.111583 -0.35079
-0.297605 0.0035043 0.358754
0.366095 -0.0331813 0.326564
-0.247288 -0.0235984 0.291074
-0.418129 0.0249011 0.115287
0.493733 -0.00124106 0.488709
-0.41544 -0.0119493 0.324809
0.0612854 0.0408918 -0.335382
-0.407666 -0.0149618 0.426057
-0.16935 0.0984422 -0.343996
-0.39485 0.087271 -0.285989
0.29564 0.00103293 0.359199
-0.415936 -0.0227184 0.393762
-0.19448 0.122213 -0.419647
0.304931 -0.0425544 0.274693
-0.494296 -0.00114686 0.488907
-0.389914 -0.0313117 0.352389
0.2754 -0.0507373 0.225775
0.217391 0.0100122 0.322775
-0.184557 -0.0668886 0.156947
0.382589 0.0999633 -0.362258
0.157159 -0.0602318 0.138108
0.396318 -0.0263936 0.360453
0.419831 0.0136013 0.176839
0.032314 0.0965869 -0.412075
-0.421618 -0.0211908 0.409978
0.472378 0.000517145 0.482189
-0.064144 0.0740651 0.355295
0.427162 -0.0209443 0.378756
-0.430283 0.00851273 0.461877
-0.47352 -0.000486761 0.482652
-0.436289 0.000563411 0.302854
0.0302398 0.0148736 0.282254
0.156325 -0.0139879 0.245002
-0.123508 -0.0520948 0.148418
-0.0486536 0.0762135 -0.368806
0.490252 -0.00140326 0.472409
-0.249332 -0.0125936 0.302018
-0.172639 0.0371942 0.34307
-0.296751 -0.0519562 0.200313
-0.247926 -0.0639563 0.161401
-0.0356505 -0.0492594 0.0872515
-0.353584 0.0488986 -0.069752
0.18925 -0.057194 0.210929
0.246164 -0.0588529 0.161337
0.327633 -0.0389708 0.299968
-0.323158 -0.0486965 0.245222
-0.3322 0.0351958 0.430865
0.255994 0.114866 -0.400897
0.180873 -0.0558353 0.21801
0.424504 -0.013468 0.332163
0.247543 -0.00666691 0.315393
-0.031149 -0.052057 -0.119377
0.420838 0.00170801 0.447423
0.455962 -0.00885275 0.397261
-0.357978 0.0158905 0.0504992
0.358972 0.016149 0.0499343
0.400433 -0.023904 0.404548
-0.30335 -0.0342744 0.168579
0.457485 -0.0114798 0.424643
0.391508 0.0173741 0.444579
0.201883 0.0289583 0.347531
0.056323 0.0784589 -0.3748
0.484539 0.00295542 0.41591
-0.190061 -0.0167069 0.248471
0.359964 -0.0112795 0.391462
-0.243621 -0.0381563 0.278624
0.350427 -0.0351763 0.325261
0.202207 0.114307 -0.389987
0.349732 -0.0260076 0.369599
-0.304859 -0.0289683 0.333677
0.472725 -0.00647798 0.438319
-0.350612 0.00892621 0.406794
-0.439672 -0.0101942 0.373144
-0.144837 -0.0656018 0.0327345
0.274388 -0.047191 0.248907
0.418722 0.0338847 0.0527583
-0.213682 -0.0380531 0.25545
0.335176 -0.0396258 0.323975
-0.301773 -0.021825 0.107054
0.0444311 0.0612119 -0.371813
0.411559 -0.00944056 0.431638
-0.360337 -0.0120607 0.392481
0.0332582 0.146765 -0.467826
-0.0467256 0.152541 -0.457812
-0.443351 -0.0148325 0.443113
0.442676 -0.0157462 0.43111
0.0513971 -0.074663 0.0379432
-0.149571 0.17204 -0.463576
0.0602807 -0.0397421 0.14328
-0.0627816 -0.0361911 0.139946
0.303772 -0.0337636 0.167749
-0.149764 -0.0260728 0.212198
-0.351469 -0.0335989 0.357364
-0.0145743 -0.0491138 0.0844506
-0.26387 0.0317692 0.385082
0.358094 -0.034877 0.341488
0.242972 -0.0534931 0.254197
-0.148642 -0.0483068 0.186795
0.296734 -0.0463655 0.297474
0.241069 -0.0270093 0.0410384
0.355427 0.0464355 -0.0713575
-0.241001 -0.0301753 0.0414938
0.193868 -0.0578698 0.199524
-0.051257 0.0816054 -0.395743
-0.189356 -0.00345397 0.27675
0.0623297 -0.0164776 0.194371
-0.337195 -0.0447526 0.293463
0.0677095 0.0616653 -0.350011
0.161714 0.12291 -0.425926
0.305688 -0.0452883 0.259204
-0.15493 0.123622 -0.424584
-0.343614 -0.0358417 0.239884
0.140405 0.0669772 -0.347344
0.392178 -0.00920557 0.236851
-0.115048 -0.0357812 0.185366
0.336456 -0.0381704 0.230849
-0.448254 -0.013848 0.416212
0.301647 -0.019386 0.106702
-0.0955368 0.0165736 0.281301
0.382314 -0.0152985 0.404279
0.0869762 -0.0707087 0.0195635
0.304102 -0.0325915 0.330035
-0.0368053 0.103744 -0.437105
0.38192 -0.0328661 0.328052
-0.474655 -0.00186432 0.425212
-0.416478 -0.00686054 0.439589
-0.0255601 0.0254836 -0.303243
-0.379097 -0.0349251 0.324029
-0.418773 0.015139 0.177441
0.109623 0.0486098 0.334316
0.452674 -0.00103094 0.35039
-0.304128 -0.0380891 0.320972
-0.460111 0.00141367 0.36717
-0.236848 -0.0347067 0.276203
0.0114042 0.0816118 -0.389996
-0.138857 0.0726954 -0.345236
0.458812 0.008286 0.295729
-0.321374 -0.045884 0.29218
-0.123392 -0.0759295 0.0296436
-0.371048 -0.0302433 0.37621
-0.484871 0.00275179 0.415778
-0.317693 0.096363 -0.280944
-0.320188 0.0804338 -0.205052
0.0040014 0.09788 -0.421836
0.41141 -0.0229336 0.393055
-0.0464406 0.123203 -0.441968
-0.0800345 -0.0206871 0.212619
0.183659 -0.0554111 0.155813
0.368976 -0.0318797 0.369782
0.00814182 0.148389 -0.461739
-0.0271494 0.140841 -0.464461
0.403785 0.0231866 0.0988177
0.0205256 0.0827186 -0.3849
-0.469805 0.0930701 -0.351962
0.124183 0.166292 -0.465502
0.290028 -0.0456919 0.253999
-0.117968 0.168718 -0.462794
0.0836239 0.0410322 -0.318893
0.440838 -0.013171 0.372324
0.324195 -0.040299 0.287942
0.21262 -0.0564436 0.220611
-0.0343419 0.0580265 -0.373689
-0.0137 0.116433 -0.445582
-0.373761 -0.0272735 0.384774
-0.168746 0.0731646 -0.313447
-0.462137 -0.00323771 0.402593
-0.00792683 0.0712261 -0.402478
0.390528 0.00265912 0.175034
0.446711 -0.0136938 0.445146
-0.354122 -0.030844 0.366004
0.486126 -0.00110779 0.486598
-0.0798585 0.05759 -0.363021
-0.402872 -0.0269806 0.373047
-0.425336 -0.0158499 0.435155
-0.443269 -0.0157294 0.435302
-0.248108 0.128441 -0.429585
0.00757542 0.0037104 -0.311999
-0.103253 0.0460679 -0.3359
-0.459455 -0.0102485 0.42127
-0.275273 -0.0517114 0.25723
0.278068 0.106646 -0.352047
-0.282074 -0.0471489 0.280945
-0.357786 0.121855 -0.420757
-0.471065 0.0858644 -0.321355
0.296727 0.0587009 -0.226938
-0.178776 -0.020644 -0.0840366
0.414386 0.0966556 -0.348308
-0.213531 -0.0538165 0.220426
0.0105647 0.0351524 -0.352683
0.230449 0.0829521 -0.312312
0.17984 -0.0437123 0.0369184
0.4795 0.0657201 -0.196719
0.331442 -0.039459 0.311952
-0.042058 0.0203304 -0.28966
-0.194511 0.0809864 -0.279005
0.0428396 0.00953172 -0.298207
0.372525 -0.0279391 0.381225
0.293379 0.0823589 -0.28296
0.460158 0.0153198 0.238743
-0.450831 0.00629286 0.303728
0.270243 -0.050684 0.268005
-0.376502 0.0998166 -0.346559
-0.475679 0.0650765 -0.197221
0.244921 -0.0132325 -0.0832968
-0.120665 -0.00159676 0.263143
-0.304751 -0.0430273 0.306115
0.436326 0.00217037 0.286832
-0.482525 -0.00191549 0.485473
0.473572 -0.00643901 0.450242
0.302765 -0.0270049 0.137111
0.128011 0.0910858 -0.395807
-0.0622634 -0.0611315 -0.0901797
-0.0464376 -0.0688219 -0.0757689
-0.282453 -0.0487723 0.273287
0.0068045 0.10357 -0.417303
0.477738 0.0888637 -0.320378
0.0621625 -0.0664133 -0.0916156
0.109034 -0.0691844 0.00818683
0.0543553 0.155961 -0.463339
0.263062 0.0319795 0.38366
0.0253781 -0.0972723 0.0363127
-0.107786 0.0674932 -0.350945
-0.465365 0.00185282 0.480061
-0.28536 0.10347 -0.309707
0.0917095 -0.0275341 -0.179624
-0.0424456 0.140965 -0.467615
-0.273831 -0.0444565 0.287677
-0.0766106 0.103799 -0.416838
-0.148144 0.0216724 -0.23178
-0.155219 -0.017777 0.223743
-0.10257 0.128787 -0.419608
-0.000404695 0.138323 -0.469363
-0.352575 0.0727676 -0.160115
-0.337336 -0.0309349 0.355664
-0.341736 -0.0398436 0.323081
-0.0941207 0.01088 -0.274265
-0.171565 0.0330738 -0.196584
0.00756334 0.0569434 -0.374802
0.0194726 0.150729 -0.461671
0.355497 -0.0390546 0.298553
0.155598 -0.0471057 -0.0899829
-0.0469664 0.164289 -0.447539
0.187343 -0.0575697 0.171524
0.288483 -0.0433161 0.304056
-0.0478336 -0.0707361 0.0541169
0.125607 0.0349765 -0.307157
-0.291879 -0.0538828 0.243037
-0.00129847 -0.0192049 0.16436
0.380537 -0.025615 0.27371
0.349667 -0.0340997 0.356249
0.121404 -0.0726908 0.0317947
-0.360563 -0.00385259 0.142411
-0.455379 0.00391345 0.335434
0.203773 -0.0581379 0.0886551
-0.0782929 -0.0457311 0.127377
-0.0281913 0.0703042 -0.403028
0.0272864 0.0178699 -0.32804
-0.146863 -0.013621 0.241523
0.439255 0.0104423 0.236144
0.410401 0.129547 -0.43582
0.471332 -0.00490145 0.422497
-0.459368 -0.0113205 0.452325
0.338057 -0.0338206 0.350854
0.00613873 0.132764 -0.454132
0.0405961 0.105977 -0.420904
-0.448882 0.0335851 0.084527
0.326926 -0.0398793 0.331155
-0.243037 -0.0453186 0.268136
0.416631 0.0955891 -0.301599
0.330794 -0.00766761 0.109171
-0.00339865 0.0149004 -0.327491
0.388584 -0.0288354 0.37537
-0.281871 0.124851 -0.384601
-0.158899 -0.0138964 0.237997
0.274205 -0.0479577 0.256706
0.0183931 0.0469725 -0.353033
0.438391 -0.00685477 0.341385
-0.00596414 -0.0629891 0.0683796
-0.142919 -0.0330293 0.206103
0.0919509 0.0737647 -0.373792
-0.0317412 -0.0193725 -0.241132
0.441991 -0.0144687 0.415414
0.000286464 -0.07886 -0.0627306
-0.0709522 0.0897391 -0.373253
-0.212619 -0.0444723 0.248144
-0.0128108 -0.0184443 0.207274
0.198363 -0.0569251 0.188093
-0.32363 -0.043228 0.306934
-0.377892 0.0934166 -0.315982
-0.487819 0.000679867 0.493028
-0.110971 0.095567 -0.374885
0.459302 0.00476969 0.327281
-0.0104589 -0.0931607 -0.0154131
-0.246554 -0.0618626 0.192695
-0.0242518 0.0894622 -0.409955
0.346251 -0.0370928 0.344491
-0.226829 0.0143906 0.330813
-0.368176 -0.0182835 0.393138
-0.388926 -0.0165411 0.279949
0.243633 -0.0534356 0.238557
0.426558 -0.0185607 0.404256
-0.133821 -0.055039 0.00409649
-0.37599 -0.0062256 0.189871
-0.401704 -0.0228902 0.409972
0.472706 0.127288 -0.439928
-0.329075 -0.00410782 0.375172
0.346857 -0.0357911 0.313187
0.411788 -0.0240875 0.369663
0.476704 0.0963577 -0.350944
-0.131201 0.107184 -0.398457
0.115904 0.143214 -0.442397
0.162325 -0.0709014 0.0775858
0.37328 -0.0302984 0.342787
0.103786 -0.0519647 0.179285
-0.15348 -0.0680411 0.139299
0.385917 0.094249 -0.277441
-0.300592 -0.0118978 0.0610611
0.348388 -0.0204029 0.186571
-0.0267701 0.0414175 -0.321278
-0.116703 0.0333803 -0.30358
0.403622 -0.0236395 0.376749
0.0770934 0.115808 -0.418469
-0.407165 -0.0271652 0.359587
-0.0163445 0.149237 -0.451658
-0.335307 -0.0388186 0.332265
0.41506 0.0948198 -0.332745
-0.306259 -0.0491876 0.275403
-0.423175 0.0966 -0.349269
0.099335 0.0180317 -0.289159
-0.482379 -0.00377458 0.463392
-0.0283739 0.126573 -0.438748
0.0615934 0.115407 -0.41636
-0.0135388 0.0493196 -0.379269
-0.046136 -0.090852 0.0308394
0.48723 0.00090028 0.492729
0.479669 -0.00524153 0.47159
-0.00266757 0.0567633 -0.384326
-0.092921 -0.0247778 -0.178919
-0.183676 -0.0567802 0.186581
-0.450071 0.0130077 0.240713
0.075844 -0.0631075 0.0877856
0.386342 0.0851723 -0.223237
-0.118738 -0.0452717 0.167507
0.221006 -0.0536347 0.205655
0.00951859 0.128734 -0.437431
0.0749569 -0.0742548 -0.00336125
-0.0666545 0.0350559 -0.311343
-0.472302 0.0798173 -0.290436
0.450187 0.0248643 0.146571
-0.28391 0.116766 -0.346365
-0.0410232 0.0647174 -0.344492
-0.100316 -0.019379 0.185838
-0.0249819 0.145422 -0.458531
0.482053 0.00995853 0.335944
-0.0453538 0.0472139 -0.329015
0.110991 0.0571884 -0.34948
0.198135 0.0235142 -0.229223
0.0130168 0.153279 -0.458092
0.164792 0.0903914 -0.366238
0.353804 0.0982316 -0.313809
-0.39276 -0.0259635 0.309789
0.0270886 -0.0374967 0.154977
-0.284735 0.110866 -0.327745
0.0149815 -0.0834792 0.0495318
0.00487683 0.142862 -0.466038
-0.357022 -0.0271657 0.374202
-0.171181 -0.030074 0.22644
-0.399039 -0.0253116 0.401192
0.12383 0.0192322 -0.272016
0.122345 -0.0526455 0.149905
0.38087 -0.0295133 0.359082
-0.377974 -0.0325946 0.355369
0.121345 -0.0367447 0.206019
0.343454 -0.0378096 0.301226
-0.472839 -0.00555512 0.438554
-0.259414 -0.0510436 0.255736
-0.0457219 0.0770791 -0.398626
-0.259853 -0.031185 0.297198
0.478206 0.0821025 -0.289526
-0.0570249 -0.0829716 0.00217229
-0.0544157 -0.054122 0.0971573
0.132697 0.0139178 0.291922
-0.466421 0.12673 -0.439815
-0.0308976 -0.0762164 -0.0619428
-0.0882706 -0.0647457 -0.030164
0.0573608 -0.076871 -0.0337051
0.0316217 -0.076295 -0.060155
-0.0269461 -0.0991024 0.00320296
0.00772929 -0.076461 0.0597408
-0.0919044 -0.0599496 0.117434
0.0993912 -0.0705216 0.042466
0.0317665 -0.0522077 0.0881299
0.0146968 -0.100706 0.00879025
-0.300154 -0.00689939 0.0380661
0.449821 0.0388804 0.0215649
-0.0849342 -0.0858858 0.0440607
0.000203004 -0.0632588 -0.0889927
-0.179992 -0.0475965 0.0379205
-0.348872 -0.0246693 0.372003
-0.0404793 -0.0425569 0.109056
-0.0848804 -0.0860341 0.028414
0.21361 -0.0528263 0.18953
-0.470428 0.0893528 -0.336688
0.077234 -0.0467613 -0.135554
-0.432348 -0.00408309 0.453145
-0.374766 0.108781 -0.384548
0.0756869 0.0514909 -0.334334
0.18394 -0.066238 0.12631
0.166799 -0.0591301 0.185643
-0.0331674 -0.0749669 0.0620988
-0.0778329 -0.0432579 -0.134633
-0.103949 -0.018827 0.205403
-0.24607 -0.0551986 0.131344
-0.483805 0.00428278 0.391652
-0.0925935 -0.0323346 0.172812
-0.115687 -0.0285309 -0.0833026
0.122272 -0.0637432 0.12067
0.0914035 -0.0461457 0.146715
-0.0724879 -0.0172859 0.173572
-0.375632 0.104284 -0.365558
-0.482324 0.00832669 0.33579
-0.14617 -0.0452858 0.196449
0.242585 -0.0475306 0.268647
0.259628 -0.0494137 0.224268
0.229288 -0.0547255 0.191084
-0.15877 -0.0374786 0.215248
-0.266597 -0.048007 0.271762
0.0204266 -0.0526809 0.115013
-0.304268 -0.0339527 0.327631
0.442963 0.115171 -0.409468
0.260902 -0.0566171 0.193731
0.153448 -0.0585261 0.122372
0.0526797 -0.0681642 0.0571607
-0.0329497 -0.0205409 0.149458
0.159814 -0.0597732 0.16941
-0.385804 -0.0301725 0.369722
0.474149 0.115764 -0.41072
0.0503307 -0.0837626 0.0208907
-0.0933744 -0.0431979 0.143768
-0.289173 -0.0334693 0.317851
-0.0247187 -0.00229427 0.246843
-0.116316 -0.0419162 0.177062
0.137916 -0.055443 0.0261719
-0.222805 0.107275 -0.324645
-0.258387 -0.0421845 0.283647
0.027693 0.034401 -0.345271
-0.469211 0.097461 -0.3671
0.220802 -0.0548108 0.213403
0.211851 -0.0548755 0.236178
-0.122317 -0.0683077 0.121737
-0.0407066 -0.0225744 0.188084
0.150157 -0.0481136 0.213615
0.276206 -0.0488782 0.163879
0.467805 0.00273424 0.367233
-0.44247 -0.0131484 0.447584
-0.450392 0.00961329 0.272187
0.0959882 -0.060671 -0.0168663
-0.320413 -0.0425462 0.311512
0.00993389 -0.0387147 0.121652
-0.00967726 -0.0795098 0.0275842
-0.0475923 -0.0917872 -0.033468
0.0156432 -0.0698041 -0.0748504
-0.149962 -0.0465816 -0.0256697
0.160757 -0.0614989 0.153884
-0.320939 -0.0301937 0.344833
-0.0892956 -0.0643928 0.0941633
-0.0710655 -0.0660071 0.0691773
0.0618143 -0.0795148 -0.0631312
-0.0658245 -0.0811463 0.0517593
0.307647 -0.0421507 0.317714
0.331329 -0.0450799 0.263433
0.301 0.00322675 -0.0163158
0.130847 -0.0716383 0.0598524
-0.467481 0.113779 -0.411241
0.135244 -0.0563095 0.182566
-0.0513067 -0.0595141 0.0746199
0.0593792 -0.057792 0.117754
-0.0160966 -0.0464028 0.120377
-0.15578 -0.0756608 0.0616951
0.0416095 -0.0916476 -0.0092562
0.206578 -0.0610146 0.158835
0.0455863 0.0440786 -0.350336
0.0877507 -0.0642791 0.0649872
-0.0730057 -0.0575825 0.10738
-0.103902 -0.0673222 0.000994912
-0.100895 -0.0423574 -0.0543367
0.00307539 -0.0965085 -0.00861907
-0.0586426 -0.0684304 -0.0435641
0.032193 -0.100725 -0.0307243
-0.180381 -0.0371244 -0.0237303
-0.22987 -0.0192793 0.279696
-0.284042 0.00424935 -0.035627
0.245976 -0.0218066 0.29755
0.301582 -0.00363275 0.0141754
0.265689 -0.048784 0.279243
-0.0720515 -0.0557869 -0.0576478
-0.480596 0.0250198 0.178455
0.182265 -0.0377442 0.243513
-0.128833 -0.0386344 0.192668
-0.013378 -0.0877388 -0.0500245
0.0158524 -0.0871563 -0.0486239
0.483199 0.00582079 0.383844
0.393444 -0.0156383 0.267677
0.0935543 -0.0714767 -0.0619805
0.0308987 -0.0539611 -0.119859
-0.473618 -0.00621312 0.446461
0.306392 -0.0485358 0.243859
-0.200108 -0.032506 0.248596
-0.122692 -0.0186082 -0.104982
0.374155 -0.0317406 0.284484
-0.0896131 -0.0386603 0.158257
