7.9681e-06
2.16752e-05
-3.02836e-06
3.7567e-06
1.92536e-05
-2.42279e-06
-0.00462021
-0.00239544
-0.00633011
0.00466585
-0.00245211
-0.00646984
4.25727e-06
-3.15185e-05
-3.65573e-05
3.12935e-06
3.04495e-05
5.65894e-05
-7.95773e-06
3.29232e-05
6.79131e-05
-1.30896e-06
-7.51834e-06
5.79094e-05
-2.34428e-06
-2.77987e-05
-2.99123e-05
-1.28774e-05
9.4145e-05
3.74932e-05
9.90358e-08
4.93061e-06
1.75448e-05
-5.42025e-06
6.56893e-05
2.15206e-05
9.35344e-06
-1.72404e-05
-1.89685e-05
5.62221e-06
-4.06634e-06
1.02039e-05
-2.82727e-07
1.43457e-05
1.27841e-05
-1.29107e-05
-2.03689e-05
4.11072e-05
3.04961e-07
2.46652e-05
4.41526e-06
-1.0752e-05
-5.19949e-06
1.33074e-06
7.48994e-06
-7.26952e-06
7.22905e-05
7.76927e-08
7.26631e-06
2.6603e-06
-1.23407e-05
5.33047e-06
-1.07955e-05
-1.406e-05
-2.15913e-05
2.23814e-05
4.09024e-06
-3.87243e-05
-3.5009e-05
1.16916e-06
4.54389e-06
-1.23356e-05
-3.31638e-06
5.49764e-05
0.000175829
-2.92013e-06
-0.000204802
-3.19663e-05
1.80732e-05
6.00262e-06
-1.27356e-05
1.06488e-06
-8.54816e-06
-2.87924e-06
-3.56513e-06
-2.15362e-05
-1.92885e-05
3.57849e-06
4.53712e-06
-4.87149e-06
6.69619e-06
3.03339e-05
0.00018346
4.07855e-06
2.86596e-05
-2.57077e-06
-6.48847e-07
-0.000295479
-9.82518e-05
-8.94629e-06
2.26032e-05
-1.738e-06
6.14493e-06
-2.21539e-05
-1.88683e-05
4.43379e-06
-1.48005e-05
-8.81728e-06
-1.26067e-05
2.73326e-06
2.3903e-05
-5.79807e-07
-4.29031e-06
-7.6468e-06
1.14062e-06
2.53909e-06
7.22997e-06
7.4129e-06
-0.000225134
-8.3103e-05
6.24699e-07
1.78753e-05
-2.42751e-06
-4.0697e-06
7.38759e-05
3.8822e-05
1.69224e-07
7.92837e-05
0.000127762
3.67273e-06
5.57374e-06
-7.13552e-06
-3.73959e-06
-1.31846e-05
-2.22455e-06
-2.65429e-06
-1.08818e-05
0.000119581
1.44259e-06
-0.000182877
-4.15617e-05
4.82563e-06
2.53741e-05
-2.49372e-06
2.09669e-06
7.8638e-05
4.78685e-05
-5.24873e-06
7.33708e-07
1.36741e-06
-7.01401e-06
5.14502e-06
1.37706e-05
-7.56195e-06
6.60143e-05
0.000132034
-2.14703e-06
-1.59084e-05
-2.05797e-05
-1.73992e-06
-1.05989e-05
0.000110346
-5.61127e-06
2.6401e-06
-8.4081e-08
-1.30868e-05
3.38564e-06
-4.83199e-06
9.91715e-07
1.20115e-05
-2.23408e-06
-4.05629e-05
6.86948e-06
3.78072e-06
2.65256e-07
3.98383e-05
-4.35619e-06
-6.89356e-06
1.22597e-05
8.40399e-06
-0.000127648
2.81557e-05
-1.41734e-05
-2.55133e-06
4.06549e-05
0.000208321
-4.77583e-06
3.32949e-05
6.34406e-06
2.9477e-06
-3.75147e-05
-5.23257e-05
1.85987e-06
-7.05767e-06
-4.39159e-06
-4.57218e-06
1.78647e-05
1.39826e-05
2.56054e-06
-5.39773e-05
-3.45303e-05
-2.97211e-06
-5.31099e-06
-5.39007e-06
3.62088e-07
5.94636e-06
2.20687e-06
-3.17764e-06
-1.9698e-05
-2.1591e-05
-2.64117e-08
-2.10083e-06
-3.42975e-06
1.2969e-06
3.48483e-06
-8.54836e-06
-9.00109e-08
4.43576e-06
-3.31961e-06
-8.003e-06
1.50853e-05
2.034e-05
2.22999e-06
-2.1593e-06
3.96407e-06
-2.29751e-06
-1.02604e-05
-7.52968e-06
-2.69324e-06
-5.68652e-06
8.31606e-07
4.02823e-06
1.29304e-05
1.24123e-05
4.05021e-06
4.53071e-06
-1.70211e-06
-1.90943e-06
4.02436e-06
-1.0035e-06
-1.70253e-06
-1.58099e-05
-8.49403e-06
2.79771e-06
-6.77018e-06
4.79062e-06
-5.36354e-06
1.43362e-05
1.47451e-05
-2.34965e-06
3.35276e-05
-1.47119e-05
-2.05266e-06
1.19533e-05
-5.60121e-06
-9.09577e-06
-1.09179e-05
1.49211e-05
7.62279e-06
-2.66132e-05
1.59629e-06
-2.46184e-06
-4.31389e-06
-1.37199e-06
5.98826e-07
7.02226e-06
4.89689e-06
1.77814e-06
5.954e-06
-3.59461e-06
-8.98488e-06
3.01386e-06
-1.12661e-05
6.54388e-06
1.00232e-05
-8.46735e-06
4.93904e-06
-2.01741e-05
-1.43261e-05
4.84298e-06
-1.64445e-06
-7.50806e-07
-2.06125e-06
-1.5174e-06
-2.9206e-06
-3.38332e-06
6.70215e-06
4.11618e-06
3.95678e-06
1.28662e-06
3.5195e-06
6.2602e-06
3.2797e-05
2.35701e-05
-3.80032e-06
1.25928e-05
1.1564e-05
3.36135e-07
-3.27699e-05
-1.93167e-05
1.03294e-05
6.6857e-06
1.69344e-06
-1.29903e-05
-5.3918e-06
5.30425e-06
-2.2789e-06
2.26212e-06
2.50759e-06
-1.79571e-06
-3.28498e-05
-2.29113e-05
-1.4042e-06
2.78601e-06
5.47498e-06
-1.01988e-05
-1.61616e-05
-4.99576e-06
4.86e-06
-4.51255e-07
4.68508e-06
3.81747e-06
-2.07797e-05
-1.47334e-05
-1.75762e-06
-1.56666e-05
-1.1935e-05
-3.00955e-06
1.0045e-05
2.73924e-06
9.56835e-06
-6.02013e-06
-1.98636e-05
1.06671e-06
9.55642e-06
-7.05384e-06
-2.52738e-07
1.06241e-05
-8.96305e-06
9.64425e-07
-2.70118e-06
-6.63125e-06
-9.2113e-06
-1.71875e-05
1.39266e-05
6.67397e-06
-9.69376e-06
-7.27852e-06
9.44827e-06
1.11031e-05
-9.65758e-06
-1.16812e-06
2.62201e-05
-9.41716e-06
-3.26037e-06
5.1166e-07
1.86492e-06
-1.34658e-06
-6.89446e-06
-4.27244e-06
-4.55977e-07
1.7297e-06
1.30484e-06
2.54696e-06
-1.05816e-05
-7.23408e-06
-1.33602e-05
-1.77826e-05
1.61834e-05
-7.58086e-06
4.97804e-06
1.48275e-05
1.23184e-05
-2.77213e-05
1.02667e-05
5.17859e-07
7.58599e-06
1.64167e-05
2.5774e-06
6.16093e-06
6.90343e-07
5.3235e-06
-1.15032e-05
1.38945e-05
-3.21266e-07
-1.34564e-05
-2.1651e-05
-1.21441e-05
2.76074e-06
-8.79612e-06
8.85268e-05
8.21255e-05
6.84651e-05
1.34822e-05
-1.11298e-05
2.30246e-06
-7.75818e-06
-1.9256e-05
7.04103e-06
-6.01848e-06
1.79673e-06
1.17405e-05
-1.38604e-06
-6.16307e-06
-1.04111e-05
-2.19516e-06
6.05426e-06
3.15109e-06
4.86882e-06
9.23086e-06
-5.13145e-06
9.86227e-07
6.15833e-06
4.03509e-06
-1.06418e-06
-7.45148e-06
-4.30823e-06
1.7179e-06
9.71602e-07
4.86383e-06
1.39199e-06
-3.72467e-05
-3.85691e-05
-4.76514e-06
6.80399e-06
1.03788e-05
4.38452e-06
-1.24171e-05
-7.77822e-06
5.5112e-06
-1.00153e-05
-2.98661e-05
3.88977e-06
-7.13306e-07
-9.74422e-06
2.44161e-05
-5.66772e-05
4.0784e-05
1.55063e-06
5.43572e-07
3.40579e-06
-8.03217e-05
-5.33873e-05
-3.50265e-05
1.88911e-05
4.1496e-05
-3.60196e-05
-1.99331e-05
4.60695e-05
-3.85065e-05
-2.13903e-05
-1.25409e-05
3.15934e-05
-3.08646e-07
1.88662e-06
1.97339e-07
-6.71508e-06
1.85983e-05
1.88445e-05
-3.9764e-06
-3.7926e-06
2.93832e-06
-7.30768e-07
2.44829e-06
9.61023e-07
-2.66882e-06
-1.41255e-05
-1.35903e-05
5.62395e-06
-5.35923e-05
-5.65206e-05
1.19782e-06
-4.78446e-06
-3.84349e-06
-4.33334e-06
1.44343e-05
1.18718e-05
3.11174e-06
-4.05699e-05
-2.53937e-05
4.8209e-07
6.28917e-06
5.62445e-06
-3.76486e-06
-1.03094e-05
-9.05979e-06
-8.9463e-06
1.14887e-05
2.95485e-05
-3.35095e-06
-3.57746e-06
-1.27287e-05
-1.44558e-06
9.34266e-06
4.35569e-06
-7.58854e-06
6.67618e-06
1.52356e-05
3.44273e-06
3.04589e-06
5.78357e-06
-2.75725e-06
-1.73656e-05
-2.01434e-05
2.72146e-06
-7.12652e-06
-1.0306e-05
1.24822e-05
5.08968e-06
3.61053e-05
7.19636e-07
2.58369e-06
8.11199e-06
1.869e-06
6.58954e-06
7.0313e-06
7.16827e-08
-7.88772e-06
-7.01566e-07
9.6552e-08
-2.3141e-05
-3.18346e-05
-6.08983e-06
1.38655e-05
4.22866e-05
8.51634e-06
2.20133e-05
5.88236e-05
4.32919e-07
2.43701e-06
-9.92994e-07
-2.52698e-06
1.97684e-05
4.61939e-05
-5.69825e-06
-3.57303e-05
-4.70623e-05
7.10119e-06
-2.21597e-05
-1.96401e-05
3.88993e-06
-2.07473e-05
-2.27906e-05
2.02438e-05
-1.0724e-05
4.38755e-06
3.71346e-06
-1.94201e-05
3.42576e-05
2.33267e-06
4.0781e-06
4.76986e-06
-3.36912e-06
-1.03987e-05
1.43528e-05
-9.99382e-07
3.40913e-06
9.1079e-07
7.96682e-06
-2.86282e-05
9.18358e-06
2.27339e-06
3.71507e-06
-1.30755e-06
-3.28157e-06
6.65638e-06
9.58823e-06
-1.25689e-06
2.92883e-06
2.44344e-06
1.56635e-06
-3.74795e-05
-2.40521e-05
-6.33961e-06
-8.56347e-06
1.05449e-05
-8.67702e-06
8.05658e-06
-4.70133e-05
1.4512e-06
8.6197e-06
-3.05881e-08
2.81486e-06
2.24547e-05
1.42799e-05
1.88255e-06
3.60195e-06
-2.69429e-07
1.12772e-06
-3.43245e-06
-3.23371e-05
2.91492e-06
-9.12099e-06
-4.90282e-06
3.50687e-07
-2.88499e-05
-3.78293e-05
-7.07871e-07
-7.23507e-06
-5.50694e-06
5.16805e-06
-8.7791e-06
-1.32741e-05
1.35161e-06
-5.53967e-06
1.59474e-06
4.09506e-06
-7.3477e-06
-7.68501e-06
-5.65135e-06
1.33386e-05
1.58442e-05
-2.34767e-06
-4.3446e-07
-4.04643e-06
2.0563e-06
1.48275e-06
2.49676e-06
-5.22385e-07
-4.21844e-06
-4.33183e-06
5.92583e-07
7.85856e-06
-2.45305e-07
1.54557e-06
-3.97106e-06
-1.10141e-05
8.99468e-07
-1.11341e-05
-1.0155e-05
-5.15691e-07
-4.71889e-06
-9.95239e-06
6.52217e-08
-1.02854e-05
-9.15673e-06
-2.17905e-06
-1.17463e-05
-1.31165e-05
3.94892e-06
-2.39537e-05
6.81785e-06
5.29547e-06
-2.19103e-05
-1.9161e-05
-1.08752e-06
-1.20907e-05
-1.83584e-05
-7.49969e-06
1.70228e-07
1.05993e-05
1.49294e-06
-6.33047e-06
-1.04264e-05
5.11456e-07
-4.18047e-06
-6.52262e-06
2.42276e-06
2.71907e-06
1.8225e-05
1.25781e-06
-6.01736e-07
-2.14449e-06
-1.68139e-06
-1.58118e-05
-2.58694e-05
4.45326e-06
-3.80128e-05
2.37836e-05
-6.67525e-07
1.23076e-06
1.77754e-06
-2.13472e-06
-1.13219e-06
-1.23702e-06
6.25456e-07
1.19941e-05
1.33369e-05
-8.06496e-07
-3.81342e-05
5.87957e-05
-2.04411e-06
6.73037e-06
6.59289e-07
3.41661e-06
-1.31089e-05
-1.38596e-05
-3.86736e-06
-2.09874e-05
-1.41734e-06
-1.16554e-05
-2.13466e-05
-3.99504e-05
1.96186e-06
-4.2453e-06
-2.65288e-05
1.45873e-06
-9.17461e-06
-1.51953e-05
-2.1431e-06
1.72725e-06
1.40921e-06
-1.64646e-06
-7.70978e-06
-5.28277e-06
6.06203e-08
1.49317e-05
7.54148e-06
-3.02691e-06
-8.88598e-07
2.70997e-06
2.39796e-06
-2.03254e-05
-3.41739e-05
6.28221e-07
-9.41413e-06
-1.37857e-05
-2.47739e-07
-1.96816e-06
1.30208e-06
3.67816e-06
1.01395e-05
1.0386e-05
1.50634e-05
5.02286e-05
-1.84644e-05
-8.71565e-07
4.59201e-06
9.27107e-06
1.27899e-05
-9.35583e-06
-5.18651e-06
-5.94692e-06
1.7866e-06
2.1234e-06
-2.3985e-05
4.10033e-05
-2.274e-05
9.22588e-07
-2.61859e-06
1.53525e-06
8.20808e-07
-4.07064e-07
1.87589e-07
-4.75509e-07
2.13338e-06
9.42385e-07
7.19888e-06
2.38945e-05
1.64861e-05
-5.46037e-06
3.54796e-05
2.21298e-05
-3.59187e-06
4.03664e-06
-1.68885e-06
7.84735e-06
-6.73218e-07
5.992e-06
9.62566e-07
1.34525e-06
-1.18978e-05
-2.00756e-05
7.93825e-06
-3.85804e-06
-4.17361e-06
1.71354e-05
-2.06714e-06
1.76691e-06
1.84656e-05
9.05374e-06
-6.05367e-06
-2.94238e-05
-2.73524e-05
7.64452e-06
1.27075e-05
1.66216e-05
-2.8639e-07
1.69033e-05
-4.81419e-06
9.17957e-06
3.97269e-06
6.78301e-07
4.76278e-06
5.15759e-06
-5.84776e-06
3.7e-06
-1.54734e-05
-2.01607e-05
7.55172e-08
-6.03574e-06
-1.00847e-05
1.48028e-06
1.11184e-06
7.81094e-06
5.793e-06
1.46039e-05
2.05473e-06
4.07388e-07
-5.66358e-06
-5.81757e-06
2.21457e-07
-7.3876e-07
-2.16457e-06
-5.68828e-06
-4.1346e-06
-1.67723e-05
-3.59447e-07
1.0441e-05
4.66293e-06
2.62204e-06
1.81353e-05
9.01182e-07
3.01626e-06
-9.66774e-06
2.03539e-05
-3.32414e-06
-3.55078e-06
1.17258e-05
2.04978e-07
2.47478e-06
-2.054e-07
2.67665e-06
-2.225e-06
-6.82421e-06
-8.09858e-07
-1.31749e-06
2.79355e-06
-9.56773e-06
1.46437e-05
1.22495e-06
1.02809e-05
6.11869e-06
2.5007e-05
-3.71816e-07
6.36857e-06
3.1155e-06
2.5978e-06
-2.69705e-06
-4.87491e-06
-2.76925e-06
1.03975e-05
-2.96452e-06
-5.49659e-06
-2.22637e-05
-1.34178e-05
-2.38506e-06
6.96937e-06
5.29713e-06
2.62265e-06
3.37156e-06
-1.62999e-06
1.3274e-06
-8.21687e-06
-1.7434e-06
-4.48103e-06
6.0022e-06
5.93251e-06
1.52735e-06
-1.40466e-07
-5.24626e-07
7.853e-06
2.15226e-05
1.51331e-06
-3.00417e-07
-8.37156e-06
-1.71096e-05
5.38368e-06
-1.6785e-05
-1.90924e-05
-2.41766e-06
-9.60412e-06
-6.17601e-06
-3.45957e-06
-1.42139e-05
-2.20283e-05
1.01569e-05
1.9272e-05
2.25234e-05
-5.0402e-07
2.38964e-07
2.46319e-06
4.3927e-06
1.17018e-05
-2.55026e-06
3.91286e-07
-6.66768e-06
-1.18466e-05
1.61061e-07
-3.47361e-07
-1.97706e-05
-9.41305e-06
2.27946e-05
2.4107e-05
4.61844e-06
1.2391e-05
1.33168e-05
-6.5052e-06
-4.01853e-06
1.16507e-05
6.29757e-06
4.14759e-06
-1.01208e-05
3.15926e-06
1.43706e-05
-1.73968e-05
-8.61952e-06
-2.06754e-05
-6.31356e-06
-4.51952e-06
1.47952e-05
1.43264e-05
-7.97372e-07
-3.70463e-05
1.35354e-05
-4.44413e-06
-5.49637e-06
-8.29013e-06
5.51334e-06
-4.31343e-05
1.4664e-06
-5.5579e-06
1.5869e-05
1.37893e-05
1.68665e-06
5.557e-06
-1.07287e-07
-3.89571e-06
3.24969e-06
7.99893e-06
8.24337e-07
7.5857e-06
4.95287e-06
-1.31116e-06
9.31686e-06
2.33183e-06
2.00642e-07
-3.5369e-06
-3.98892e-06
-4.49932e-06
7.87163e-06
1.19415e-05
5.63994e-06
1.76375e-05
1.0002e-05
-2.01861e-06
7.10832e-06
-3.34019e-06
1.80482e-06
3.88196e-06
-9.65374e-08
2.3343e-06
1.1691e-05
7.9724e-06
-4.63975e-07
2.04732e-06
4.13595e-07
-3.0801e-06
-1.21127e-05
-1.66223e-05
-4.70609e-08
2.43875e-06
-4.58781e-06
-5.18236e-06
2.76854e-05
-4.66662e-06
1.56414e-05
1.02301e-05
3.96398e-05
-1.93117e-05
7.09883e-05
-1.84046e-05
-2.53922e-06
1.09148e-05
8.342e-06
6.78612e-06
8.95016e-06
1.44385e-05
-6.24413e-07
4.72097e-05
-1.0332e-06
1.79343e-07
-5.9749e-06
-3.28639e-06
8.16083e-06
-1.59675e-05
1.40846e-05
-1.23675e-05
1.18306e-05
7.76266e-06
-5.10729e-06
3.50461e-05
3.8529e-05
1.16762e-05
2.27589e-05
1.64749e-05
0.000209478
1.30891e-05
1.20752e-05
-2.50239e-06
-9.26853e-07
2.67963e-06
-7.53316e-08
-1.29417e-05
3.84355e-06
-1.12338e-06
1.22185e-05
8.76831e-07
1.95405e-06
-1.68242e-05
-2.61996e-05
-2.04918e-05
6.73794e-06
1.85502e-05
-6.29465e-06
2.56662e-05
-1.11829e-06
-2.26531e-06
1.29594e-05
1.09842e-05
-1.14445e-05
8.52786e-07
2.38176e-05
-2.63716e-07
2.81696e-05
2.45237e-05
-3.20477e-07
-6.84856e-06
1.15556e-06
-2.83908e-08
-1.5738e-05
-9.99867e-06
5.01564e-05
6.55257e-06
2.4441e-05
6.96326e-07
9.22654e-06
-5.33977e-06
4.91014e-06
-3.21106e-06
2.73496e-06
4.81974e-06
2.21481e-06
-2.21264e-06
7.9961e-06
4.30391e-06
-3.54735e-07
-1.33402e-06
3.90498e-05
3.20588e-06
2.0653e-06
4.49144e-07
-4.89992e-07
-1.09522e-05
2.18686e-05
-1.82013e-06
-1.35776e-05
7.32275e-06
7.46405e-06
-4.84627e-06
3.74347e-05
5.7104e-06
-8.41179e-07
6.75151e-05
-7.54311e-06
7.4747e-06
3.29532e-05
-3.22586e-06
-2.6462e-05
5.70063e-06
-6.15639e-07
9.00761e-05
1.7097e-05
3.29557e-06
-1.3404e-05
4.14435e-05
9.23549e-06
-1.44436e-05
7.26618e-06
8.51153e-06
1.14257e-06
3.1376e-05
-4.09251e-06
3.71329e-07
5.82287e-05
-6.03056e-06
1.47321e-06
2.99754e-05
1.5433e-05
-7.23881e-06
1.70449e-05
-2.09867e-05
-7.58978e-06
9.31869e-05
8.41459e-05
9.25984e-05
-7.60672e-06
1.07804e-05
4.16921e-05
8.76059e-06
-1.09393e-06
-3.28355e-06
3.24683e-05
-7.09675e-07
-5.69788e-07
-3.48806e-05
8.461e-05
4.75154e-06
1.63127e-05
-1.02941e-06
1.5597e-06
-4.93876e-06
-4.63808e-06
3.96297e-06
8.39973e-05
0.000149537
-4.99245e-07
4.40463e-05
1.37832e-05
1.26997e-05
-1.72318e-05
7.50455e-05
8.8961e-07
6.27879e-05
7.18078e-05
-5.71559e-06
4.26662e-05
0.000104862
2.17518e-05
5.22744e-05
2.08106e-05
-7.42423e-06
-6.43052e-05
1.60075e-05
-9.84801e-07
9.63569e-06
-9.1695e-06
9.89431e-06
-6.5118e-05
6.55277e-05
-7.42931e-06
-6.94292e-05
6.48404e-05
-1.00467e-05
9.98588e-05
0.000113667
-0.000168799
1.60697e-05
5.7722e-05
8.82301e-08
-8.05702e-05
4.29101e-06
9.17425e-07
-6.11122e-07
-1.67738e-05
6.52025e-06
1.59555e-05
7.28361e-06
4.67296e-06
1.49114e-05
6.22586e-06
-5.22821e-06
3.44566e-05
-1.65466e-06
-1.04192e-05
1.34456e-05
1.32772e-05
-7.7942e-06
2.78385e-05
-9.79411e-07
-2.1744e-07
0.000104511
0.000102498
7.64927e-05
7.70066e-06
2.52932e-05
4.47348e-06
2.9649e-05
1.02427e-05
-1.51443e-05
0.000102832
2.48967e-05
-5.90185e-06
1.91358e-05
1.02584e-06
3.03957e-06
5.29011e-05
1.17565e-05
1.22626e-05
1.91497e-05
5.70418e-06
1.21001e-06
-1.62146e-05
-7.77823e-06
3.5695e-05
6.68607e-06
-1.59103e-06
-2.44746e-05
1.00229e-05
3.82331e-06
-1.74162e-06
6.71842e-06
1.15783e-05
7.00034e-07
4.8574e-05
-5.70026e-06
1.16706e-06
1.21973e-05
-1.03674e-05
-1.01444e-05
1.13912e-05
-1.48578e-06
7.80946e-06
7.99515e-05
3.7737e-05
-5.0498e-06
3.39873e-05
9.31951e-07
1.62968e-05
2.91001e-05
4.49448e-05
-3.50804e-06
5.16157e-05
6.28685e-06
-1.51849e-05
2.45838e-05
2.21762e-05
-2.2716e-06
-5.38376e-06
-1.6097e-06
-8.77311e-07
3.00789e-05
2.34783e-06
4.65608e-05
3.99427e-07
-3.08746e-06
3.9158e-06
-9.44494e-06
-9.75326e-06
8.88483e-06
4.21995e-05
-4.77939e-06
-8.91243e-06
-3.04896e-05
1.15634e-05
2.88255e-06
2.7511e-05
4.22439e-05
7.47044e-06
-6.07732e-07
8.97201e-06
-4.75002e-06
1.34e-05
9.84856e-06
-5.28854e-06
-1.05796e-05
-7.93184e-06
-4.24422e-06
2.52818e-05
3.76422e-05
-4.85135e-06
-1.33049e-05
3.81863e-06
2.54009e-06
4.86694e-06
1.19942e-05
7.47423e-09
-2.14811e-06
-8.09556e-07
2.24733e-05
8.69317e-06
8.09853e-06
8.45703e-06
-2.23446e-07
3.61488e-06
0.000143659
3.35144e-05
8.18603e-05
-2.44847e-05
7.5817e-06
5.29846e-06
-0.000158657
3.83567e-05
8.32098e-05
2.93063e-05
5.34231e-06
-2.54194e-06
-5.48494e-06
4.21183e-06
-2.27869e-06
1.97157e-05
5.53788e-06
2.59241e-06
1.65232e-06
4.93091e-06
-9.29172e-07
-1.43119e-06
1.55564e-05
-5.08033e-06
2.10919e-06
4.05292e-05
8.58098e-07
-1.67303e-06
-2.91865e-05
-2.5854e-05
-2.61188e-06
7.41739e-06
7.09946e-06
-1.53927e-06
1.53686e-05
-2.49419e-06
5.00692e-06
-0.00013316
2.65209e-05
2.50881e-06
2.75633e-06
-7.47169e-07
3.75539e-06
1.55719e-06
-8.06652e-06
-6.09861e-06
-0.000122733
6.91838e-05
5.25051e-06
3.97328e-06
5.80895e-06
2.64071e-06
1.27053e-05
-2.96855e-06
1.33178e-06
3.46891e-05
-5.95036e-06
-5.52971e-06
5.58336e-06
5.61447e-07
-2.12887e-06
1.14295e-05
8.43541e-06
5.34632e-06
6.76879e-06
2.51041e-05
1.02575e-05
4.55347e-05
-5.11754e-06
-1.97407e-05
7.72677e-06
2.51936e-06
4.74858e-07
1.18709e-05
-4.99827e-06
1.12488e-05
8.23652e-05
5.88529e-05
2.40201e-05
1.22286e-06
2.75082e-06
-3.23033e-06
-3.37522e-06
1.08814e-05
9.45241e-07
2.16905e-05
-2.34927e-06
-5.59824e-06
2.01999e-05
1.96796e-06
-9.44178e-06
1.65349e-05
-5.68609e-06
-3.54917e-07
1.61234e-05
-1.72406e-06
-2.03203e-05
8.42387e-06
-7.01947e-06
-6.75857e-06
7.98944e-06
-1.47153e-06
2.67604e-06
6.41657e-06
-8.05655e-07
-3.80897e-06
1.33989e-05
-9.14086e-07
6.50233e-06
2.82902e-06
-4.02059e-07
-7.07123e-06
1.53315e-06
1.68299e-05
-1.15936e-05
1.27711e-05
-8.02469e-06
-9.75754e-06
1.43761e-05
-2.33642e-06
-8.3951e-06
-4.86725e-05
8.41727e-06
-4.13988e-06
7.85395e-06
-1.14186e-06
2.45855e-06
1.61066e-06
-1.66465e-05
1.38797e-06
3.86595e-06
-2.83659e-06
-3.28478e-06
3.11524e-05
-3.93774e-06
-3.09879e-06
2.36334e-05
2.77776e-07
1.88902e-05
1.2916e-05
3.11723e-06
-4.61322e-06
0.000201644
0.000150457
2.86282e-05
-6.97216e-06
6.06179e-05
-2.25295e-05
1.23569e-05
1.24406e-05
1.54761e-05
6.37792e-06
4.07847e-06
-2.01835e-05
3.21562e-06
1.12036e-05
-6.85202e-05
-1.20906e-05
1.131e-05
-2.17469e-05
9.18279e-06
-2.93467e-09
0.00013849
2.47547e-05
-2.1828e-05
-3.65936e-05
-4.90622e-06
6.43041e-06
-6.10105e-05
5.98777e-07
-1.55407e-05
-0.000130125
2.62129e-05
-4.32398e-05
-6.29611e-05
1.31984e-05
-4.56411e-06
0.000167534
1.10289e-05
-5.10565e-05
-0.000136553
6.21393e-06
-1.33589e-07
7.75313e-06
2.81237e-05
8.38391e-06
-4.2281e-05
1.55791e-05
7.33202e-07
-1.20023e-05
4.21183e-05
1.20694e-05
-3.68659e-05
8.11363e-07
-2.12889e-05
3.91206e-05
4.26697e-06
-1.89549e-05
5.78831e-05
7.13112e-06
-1.10965e-05
0.000101949
3.112e-06
-2.89544e-05
-5.17087e-05
-2.54904e-07
-7.06392e-06
-3.41949e-05
-3.46417e-06
-6.41581e-06
-2.06562e-05
-3.80528e-06
-1.62935e-05
-1.0337e-05
-6.62753e-07
-1.09471e-06
3.86375e-06
0.000191844
8.41925e-05
9.91686e-05
5.5008e-06
6.29989e-06
-9.97968e-05
-1.88631e-05
-1.85947e-05
5.62074e-06
1.57294e-05
-5.82595e-07
2.16194e-05
-1.17836e-05
-3.84124e-05
-0.000215662
-3.76849e-05
-7.67491e-05
-1.14101e-06
6.6037e-06
1.48754e-05
-1.37685e-05
-1.36612e-06
1.20434e-05
3.80531e-05
4.46672e-06
-1.97359e-05
2.11013e-06
8.6474e-06
2.83022e-05
0.000202814
3.43704e-06
1.39927e-05
0.000199847
-3.73007e-05
-8.51299e-05
3.28505e-05
3.63238e-06
-1.5135e-05
-5.96776e-06
1.09192e-05
-6.21241e-06
-1.30805e-06
-3.02993e-06
7.06281e-06
-3.28314e-06
-3.55324e-05
3.54733e-05
3.01291e-06
1.07781e-06
-1.05828e-06
4.95633e-07
1.34009e-05
-7.99232e-06
-9.75647e-05
2.05374e-05
-6.60926e-06
5.90558e-05
1.32519e-05
1.98204e-05
9.02884e-06
0.000252697
0.000182506
9.65852e-06
5.07957e-05
1.60345e-05
6.7009e-05
-6.54317e-06
-1.49083e-05
-1.09114e-05
2.98736e-06
1.59241e-06
-9.38123e-06
0.000239176
0.000159836
-6.91848e-06
4.11274e-06
1.53966e-05
-2.67543e-07
2.08729e-05
-8.44504e-06
1.96026e-05
-6.02211e-06
1.84379e-06
-4.09931e-06
-4.63313e-05
2.17885e-05
4.22293e-05
-1.19373e-05
6.76594e-07
-4.35586e-06
8.81517e-06
4.46553e-06
2.68207e-07
1.13575e-05
1.29528e-05
4.11048e-06
3.56018e-06
3.0769e-06
2.86642e-06
3.23494e-05
8.37499e-05
-2.84456e-05
1.41384e-06
-5.24156e-06
-6.79838e-07
6.44859e-06
-1.39335e-07
-3.97926e-06
-2.70381e-05
2.99787e-05
0.000133674
1.33565e-05
-6.69798e-05
-7.94952e-05
3.37786e-07
-3.1495e-05
4.13385e-05
4.18344e-06
-1.26155e-05
-0.000177312
6.9157e-06
-0.000112688
0.000207274
6.18993e-06
-3.6454e-05
1.56949e-05
-1.68892e-05
6.41039e-06
-3.87221e-05
2.8255e-06
-4.85053e-06
-2.28314e-05
-1.83686e-05
1.86506e-05
-8.21869e-05
-1.99962e-06
-1.32564e-05
9.61981e-05
1.23738e-05
3.73212e-05
-0.00014673
-5.1334e-05
9.0607e-06
-1.39709e-05
-3.45608e-05
7.44649e-05
-2.78228e-05
-5.04618e-07
3.4343e-06
2.74556e-05
-1.99513e-06
2.13435e-06
-0.000128344
-8.32451e-06
-1.42756e-05
-3.9661e-06
-2.79279e-06
-8.56566e-07
-1.72574e-05
-8.72682e-06
2.80625e-05
0.0001763
-7.73295e-06
4.66779e-05
-6.0217e-05
3.09369e-08
-7.57502e-06
-8.90246e-05
-2.93142e-07
-3.33138e-06
-6.0838e-06
5.30936e-06
-2.19799e-06
-6.87971e-05
6.20298e-06
1.80486e-06
2.1901e-05
9.72355e-07
-4.89788e-08
-5.25091e-05
4.83931e-06
2.11019e-05
9.12998e-05
2.17777e-05
5.38718e-05
-0.000160851
1.39649e-05
-5.73249e-06
2.25921e-05
-4.79562e-06
2.05138e-06
1.02383e-05
4.0659e-06
3.5081e-07
-6.56767e-06
6.46904e-08
1.51485e-05
5.88734e-05
3.79997e-06
-9.76851e-06
8.94107e-06
4.00197e-06
-1.02242e-05
2.70786e-05
3.48304e-06
-8.31087e-06
1.97021e-05
2.09193e-06
-1.19351e-05
2.41125e-05
8.17654e-08
-2.42843e-05
-4.46844e-05
2.36839e-07
2.58705e-05
1.76441e-06
6.14187e-06
2.14524e-06
-1.73365e-05
8.04588e-07
1.03527e-06
-3.9967e-05
1.39267e-05
1.73436e-05
9.83089e-05
1.72936e-05
-3.70494e-05
-6.0322e-05
1.39326e-05
-2.96609e-05
