1457 20 0.328794 0.671206 0 0.490151 0 0.509849 0.0603452 -0.953738 0.29452
1457 28 0.27641 0 0.72359 0 0.158883 0.841117 0.0426753 -0.965318 0.257564
1457 29 0.129792 0.410816 0.459392 0.917562 0.0246121 0.0578256 0.0426853 -0.965341 0.257478
1457 31 0.127061 0.519151 0.353788 0.0246121 0.943645 0.0317428 0.0426587 -0.965346 0.257463
1599 6 0.5656 0.4344 0 0.999117 0 0.000883071 0.0761074 -0.941877 0.327225
1599 11 0.728425 0 0.271575 0 0.24041 0.75959 0.0761044 -0.941875 0.327232
1607 23 0 1 0 0.19131 0.59886 0.20983 0.0427024 -0.965334 0.257499
1607 28 0 0.856517 0.143483 0 0.394501 0.605499 0.0426741 -0.965339 0.257486
1608 28 0 0.247264 0.752736 0 0.313985 0.686015 0.0426342 -0.965334 0.257513
1609 28 0 0.143486 0.856514 0 0.394502 0.605498 0.0426377 -0.965334 0.257513
1652 8 0 0.546469 0.453531 0 0.0423387 0.957661 0.0760274 -0.941896 0.327187
1652 9 0 0.456632 0.543368 0.839862 0 0.160138 0.0760836 -0.941865 0.327263
1652 17 0 1 0 0.353586 0.113711 0.532703 0.076071 -0.941884 0.327213
1652 19 0 0.579328 0.420672 0.0478764 0.952124 0 0.0760902 -0.941921 0.3271
1653 20 0.367847 0 0.632153 0.830896 0.169104 0 0.0761127 -0.941862 0.327265
1671 17 0 0 1 0.353587 0.113705 0.532708 0.0761131 -0.941861 0.327268
1671 18 0 0.439197 0.560803 0 0.713365 0.286635 0.0761184 -0.941867 0.327251
1672 18 0.751491 0 0.248509 0 0.847396 0.152604 0.0760891 -0.941874 0.327236
1672 20 0.632153 0 0.367847 0.830894 0.169106 0 0.0761116 -0.941868 0.327248
1711 9 0 0.867337 0.132663 0.696233 0.303767 0 0.0760797 -0.941878 0.327226
1712 11 0.273495 0 0.726505 0 0.641656 0.358344 0.0761054 -0.941875 0.327229
1713 9 0 0.132667 0.867333 0.696234 0.303766 0 0.0761177 -0.941878 0.327218
1713 11 0 0 1 0.204549 0.678403 0.117048 0.0761111 -0.941865 0.327258
1759 23 0 0.338412 0.661588 0.586517 0.413483 0 0.0478071 -0.962161 0.268255
1759 26 0.46625 0.53375 0 0.0857698 0 0.91423 0.0564 -0.956525 0.286145
1760 0 0.512341 0.344211 0.143447 0.0725338 0.833699 0.0937674 0.0742269 -0.943364 0.32335
1760 6 0.434405 0.565595 0 0.999112 0 0.000887751 0.0760429 -0.941914 0.327132
1760 27 0.0236147 0 0.976385 0.597217 0 0.402783 0.0687817 -0.947569 0.312061
1762 27 0 0.98153 0.0184695 0.614706 0 0.385294 0.0621862 -0.952429 0.298349
1763 25 0.41418 0.247505 0.338315 0.126925 0.770368 0.102707 0.0589532 -0.954738 0.291546
1763 26 0.462224 0 0.537776 0.0817577 0 0.918242 0.0589785 -0.954702 0.29166
1763 27 0 0.0191452 0.980855 0.614514 0 0.385487 0.0589533 -0.954723 0.291595
1769 181 0 0.619618 0.380382 0.0192956 0.980704 0 -0.293089 -0.887292 0.356106
1769 182 0 0.598516 0.401484 0 0.0197825 0.980218 -0.293115 -0.887294 0.35608
1769 183 0 0.619617 0.380383 0.980704 0.0192957 0 -0.293119 -0.887296 0.356071
1770 183 0 0 1 0.630448 0.000869726 0.368682 -0.293097 -0.887304 0.356069
1771 183 0 0.000731222 0.999269 0.630709 0 0.369291 -0.293107 -0.887301 0.35607
1771 186 0 0.000731227 0.999269 0.36929 0 0.63071 -0.293082 -0.887298 0.356097
1772 184 0 0.45107 0.54893 0.449972 0 0.550028 -0.293105 -0.887299 0.356076
1772 185 0 0.180737 0.819263 0 0.606237 0.393763 -0.293089 -0.887295 0.356099
1772 186 0 0.180737 0.819263 0 0.393763 0.606237 -0.293073 -0.887297 0.356108
1773 182 0.401482 0.598518 0 0 0.0197811 0.980219 -0.293056 -0.887306 0.356099
1773 184 0 0.54893 0.45107 0.449972 0 0.550028 -0.293124 -0.887287 0.35609
1773 185 0 0.819264 0.180736 0 0.606236 0.393764 -0.29303 -0.887323 0.356077
1773 187 0.564629 0.246251 0.18912 0.464816 0.402087 0.133097 -0.293124 -0.887316 0.356018
