462 0.000224666 -0.0796395 -0.0633554 563 -0.0307359 -0.074656 -0.0605909 679 -0.0133443 -0.0853496 -0.0486127 
568 0.00673195 -0.076426 0.0601594 571 0.030497 -0.0548094 0.0851827 612 0.0528359 -0.067919 0.0568574 
58 0.00223772 -0.0871856 0.014206 572 0.0124767 -0.102462 0.00625145 
659 0.0395923 -0.0908234 -0.0142328 666 0.00833153 -0.100027 -0.0119157 668 0.032007 -0.0990369 -0.0313597 
400 0.0284476 -0.0918705 0.0327773 543 0.0177714 -0.0857671 0.0491833 
266 0.0515081 -0.0732697 0.0356228 300 0.0868718 -0.0704526 0.0194184 617 0.0533026 -0.0853365 0.0172722 
4 -0.000595106 -0.0985803 -0.0316592 52 -0.0323383 -0.090257 -0.0153167 
559 -0.0582344 -0.0835421 -0.00122216 567 -0.0265429 -0.0986767 -0.000515879 
273 -0.015246 -0.051971 0.0821198 655 -0.0514078 -0.0600886 0.0756116 
457 -0.00590152 -0.0622477 0.0681754 589 -0.0333435 -0.0751014 0.060847 
641 0.0158463 -0.0685718 -0.0737396 680 0.0161759 -0.0868258 -0.0485301 
565 0.0573608 -0.076871 -0.0337051 566 0.0316217 -0.076295 -0.060155 
667 -0.0586426 -0.0684304 -0.0435641 

4 -0.000650344 -0.0991543 -0.0319246 52 -0.0313247 -0.0888883 -0.0140873 462 0.000281672 -0.0789205 -0.0627791 559 -0.0568481 -0.0819027 0.00107368 563 -0.0308974 -0.0762152 -0.0619416 567 -0.0273358 -0.100261 -0.000412987 641 0.0156446 -0.0698058 -0.074851 679 -0.0133742 -0.0874637 -0.049862 680 0.0158569 -0.086969 -0.0485124 
58 0.00213572 -0.087475 0.0144501 572 0.0118051 -0.100695 0.00795977 659 0.0393934 -0.0893154 -0.0135271 666 0.00832472 -0.100121 -0.0112159 668 0.0320523 -0.0994481 -0.0312049 
273 -0.0150941 -0.0483138 0.0834388 457 -0.00586934 -0.0621022 0.0678304 568 0.00680812 -0.0768296 0.0609953 571 0.0306594 -0.053674 0.0854325 589 -0.0331829 -0.0749191 0.0617051 607 0.0203681 -0.0536207 0.114975 612 0.0529075 -0.0682018 0.0570455 655 -0.051544 -0.0608619 0.0769462 
565 0.0573608 -0.076871 -0.0337051 566 0.0316217 -0.076295 -0.060155 
667 -0.0586426 -0.0684304 -0.0435641 
400 0.0257424 -0.0973587 0.033921 543 0.016707 -0.0842711 0.0493096 639 -0.0102241 -0.0805658 0.0277551 
266 0.0503642 -0.0731883 0.0370731 300 0.0868688 -0.0704448 0.0194142 617 0.0532837 -0.0852884 0.0172464 662 0.0877686 -0.0642801 0.0649643 

4 -0.000849145 -0.0973575 -0.0320048 52 -0.0323364 -0.0937973 -0.0128312 58 0.000848658 -0.0874546 0.0161797 400 0.0246013 -0.0965618 0.0356319 462 0.000285223 -0.0788757 -0.0627431 543 0.0170029 -0.0843892 0.0490225 559 -0.0563814 -0.0825846 0.00245673 563 -0.0308976 -0.0762157 -0.0619423 567 -0.0271377 -0.0998655 -0.000438694 572 0.0119376 -0.0994496 0.00911537 639 -0.0101457 -0.0804143 0.0277306 640 -0.0472258 -0.0903842 -0.0336549 641 0.0156434 -0.0698041 -0.0748503 659 0.0409188 -0.0926403 -0.0127473 666 0.00783299 -0.0976361 -0.0107485 668 0.0321014 -0.0998936 -0.0310373 679 -0.0133769 -0.0876647 -0.0499805 680 0.0158537 -0.087107 -0.0485946 
273 -0.0135341 -0.048583 0.0835494 457 -0.00585867 -0.062054 0.0677161 568 0.00684446 -0.0769729 0.0610903 571 0.0307227 -0.0532851 0.0855354 589 -0.0331709 -0.0748853 0.0616738 607 0.0203739 -0.053528 0.114979 612 0.0529449 -0.068349 0.0571435 655 -0.0515261 -0.0607599 0.0767702 657 -0.0159033 -0.0450221 0.120273 
565 0.0573608 -0.076871 -0.0337051 566 0.0316217 -0.076295 -0.060155 
667 -0.0586426 -0.0684304 -0.0435641 
266 0.0509097 -0.0730109 0.0374937 300 0.0870028 -0.0703629 0.0197028 617 0.0532581 -0.0852234 0.0172113 662 0.0877804 -0.0642808 0.0649492 

4 -0.00127883 -0.0991031 -0.0302221 52 -0.0309204 -0.0918052 -0.0118122 58 0.000743668 -0.087161 0.0162134 266 0.0516087 -0.0743972 0.0380942 273 -0.0145358 -0.0492242 0.0835808 300 0.0868691 -0.0702921 0.0194528 400 0.0256195 -0.0970561 0.036345 457 -0.00585632 -0.0620434 0.0676909 462 0.000284035 -0.0788907 -0.0627552 472 -0.01051 -0.0934487 -0.0153235 543 0.0164067 -0.0840944 0.049072 559 -0.0567206 -0.0837877 0.00330553 563 -0.0308975 -0.0762157 -0.0619421 567 -0.0260691 -0.0989176 0.00252928 568 0.00720347 -0.078374 0.0619409 571 0.0313435 -0.0516996 0.0867641 572 0.0134846 -0.100652 0.00837979 589 -0.0331737 -0.0748218 0.0613419 607 0.0204053 -0.0530232 0.114999 612 0.052693 -0.0677918 0.0568438 617 0.0531467 -0.0849304 0.0168553 639 -0.0100556 -0.0802404 0.0277025 640 -0.0474476 -0.0912331 -0.0335418 641 0.0156435 -0.0698019 -0.0748484 655 -0.0514417 -0.060281 0.0759436 657 -0.0160428 -0.0458364 0.120333 659 0.0419387 -0.0917048 -0.00896382 662 0.0877465 -0.0642788 0.0649926 666 0.00750395 -0.0960335 -0.00924796 668 0.032208 -0.100862 -0.0306729 679 -0.0133759 -0.0875874 -0.0499351 680 0.0158543 -0.0870506 -0.0485608 
565 0.0573608 -0.076871 -0.0337051 566 0.0316217 -0.076295 -0.060155 
667 -0.0586426 -0.0684304 -0.0435641 

4 -0.000988665 -0.0987053 -0.0300105 52 -0.0307046 -0.0917279 -0.0116014 58 0.00100528 -0.0863126 0.0155483 266 0.0517258 -0.0755523 0.0382463 273 -0.0145425 -0.0491643 0.0838653 300 0.0872899 -0.0714566 0.0200048 400 0.0251686 -0.0968188 0.0364547 424 -0.0478362 -0.0707462 0.0541269 457 -0.00585505 -0.0620377 0.0676774 462 0.000284981 -0.0788787 -0.0627456 472 -0.0106246 -0.0940951 -0.0151223 543 0.0145523 -0.0832623 0.0497849 559 -0.0569468 -0.08302 0.00252178 563 -0.0308978 -0.0762178 -0.061944 567 -0.0262302 -0.0994417 0.00307876 568 0.00811477 -0.0771033 0.0599125 571 0.0324995 -0.0520143 0.087184 572 0.0142423 -0.100889 0.00936788 589 -0.0331681 -0.0749506 0.0620137 607 0.0204194 -0.052796 0.115008 612 0.0526054 -0.0682521 0.0572811 617 0.0508401 -0.0834908 0.0201109 639 -0.0100367 -0.080204 0.0276966 640 -0.04769 -0.0921611 -0.0334181 641 0.0156432 -0.0698048 -0.0748509 655 -0.0514002 -0.0600455 0.075537 657 -0.0160816 -0.0462491 0.120365 659 0.0418316 -0.091588 -0.0090731 662 0.0877722 -0.0642803 0.0649597 666 0.00481231 -0.0968354 -0.00906094 668 0.0321368 -0.100215 -0.0309161 679 -0.0133768 -0.0876487 -0.0499712 680 0.0158535 -0.0870933 -0.0485863 
565 0.0573608 -0.076871 -0.0337051 566 0.0316217 -0.076295 -0.060155 
667 -0.0586426 -0.0684304 -0.0435641 

4 -0.000887804 -0.0985426 -0.0299824 52 -0.0316488 -0.0914926 -0.011128 58 0.000231975 -0.0875504 0.0154944 266 0.051395 -0.0746521 0.0379419 273 -0.0145854 -0.0491118 0.0845221 300 0.0869939 -0.0707394 0.0195912 400 0.0252956 -0.0973641 0.0363035 424 -0.0478326 -0.0707324 0.0541132 457 -0.00594322 -0.0628058 0.0682457 462 0.000285573 -0.0788713 -0.0627396 472 -0.0106806 -0.0944113 -0.0150239 543 0.015026 -0.0834784 0.0495262 559 -0.0569215 -0.0830219 0.00249024 563 -0.0308976 -0.0762166 -0.061943 567 -0.0268384 -0.0991345 0.00333912 568 0.0077162 -0.0764473 0.0597423 571 0.0316891 -0.0521921 0.0881829 572 0.0147515 -0.100683 0.00892158 589 -0.0331675 -0.0749658 0.0620926 607 0.0204264 -0.0526835 0.115012 612 0.052687 -0.0681673 0.0571585 617 0.0502773 -0.0837436 0.0209511 639 -0.00965059 -0.0794583 0.0275759 640 -0.0476653 -0.0920662 -0.0334308 641 0.0156433 -0.069804 -0.0748503 655 -0.0513371 -0.0596872 0.0749186 657 -0.0160924 -0.046358 0.120374 659 0.0418847 -0.0915578 -0.00908747 662 0.0877519 -0.0642791 0.0649857 666 0.0037656 -0.0971173 -0.00898048 668 0.0321138 -0.100006 -0.0309949 679 -0.013377 -0.0876704 -0.049984 680 0.0158532 -0.0871087 -0.0485954 
565 0.0573608 -0.076871 -0.0337051 566 0.0316217 -0.076295 -0.060155 
667 -0.0586426 -0.0684304 -0.0435641 

4 4.77407e-05 -0.0990744 -0.0281082 52 -0.0309702 -0.0917994 -0.00942318 58 5.62346e-05 -0.087754 0.015479 266 0.0513971 -0.074663 0.0379432 273 -0.0145743 -0.0491138 0.0844506 300 0.0869762 -0.0707087 0.0195635 400 0.0253781 -0.0972723 0.0363127 424 -0.0478336 -0.0707361 0.0541169 457 -0.00596414 -0.0629891 0.0683796 462 0.000286464 -0.07886 -0.0627306 472 -0.0104589 -0.0931607 -0.0154131 543 0.0149815 -0.0834792 0.0495318 559 -0.0570249 -0.0829716 0.00217229 563 -0.0308976 -0.0762164 -0.0619428 567 -0.0269461 -0.0991024 0.00320296 568 0.00772929 -0.076461 0.0597408 571 0.0317665 -0.0522077 0.0881299 572 0.0146968 -0.100706 0.00879025 589 -0.0331674 -0.0749669 0.0620988 607 0.0204266 -0.0526809 0.115013 612 0.0526797 -0.0681642 0.0571607 617 0.0503307 -0.0837626 0.0208907 639 -0.00967726 -0.0795098 0.0275842 640 -0.0475923 -0.0917872 -0.033468 641 0.0156432 -0.0698041 -0.0748504 655 -0.0513067 -0.0595141 0.0746199 657 -0.0160966 -0.0464028 0.120377 659 0.0416095 -0.0916476 -0.0092562 662 0.0877507 -0.0642791 0.0649872 666 0.00307539 -0.0965085 -0.00861907 668 0.032193 -0.100725 -0.0307243 679 -0.013378 -0.0877388 -0.0500245 680 0.0158524 -0.0871563 -0.0486239 
565 0.0573608 -0.076871 -0.0337051 566 0.0316217 -0.076295 -0.060155 
667 -0.0586426 -0.0684304 -0.0435641 

