191.3609619140625 -66.7238311767578125 -66.7238311767578125 52.102325439453125 
191.3609619140625 66.7238311767578125 66.7238311767578125 52.102325439453125 
1277.654296875 -1247.184326171875 -1247.1844482421875 1975.124267578125 
1277.654052734375 1247.18408203125 1247.18408203125 1975.124267578125 
25.518182754516601562 2.956390380859375e-05 2.9504299163818359375e-05 166.4912567138671875 
25.210247039794921875 -1.132488250732421875e-06 -1.31130218505859375e-06 63.41527557373046875 
1037.2357177734375 0 0 76.55568695068359375 
25.541782379150390625 -1.3895967006683349609 -1.3895965814590454102 80.19474029541015625 
25.54178619384765625 1.38959503173828125 1.3895949125289916992 80.1947479248046875 
135.6048431396484375 -124.88232421875 -124.88232421875 205.658538818359375 
154.8699798583984375 48.784030914306640625 48.784030914306640625 59.991573333740234375 
135.6048736572265625 124.8823394775390625 124.8823394775390625 205.6585540771484375 
154.870452880859375 -48.78389739990234375 -48.783893585205078125 59.991413116455078125 
40.25139617919921875 15.245870590209960938 15.245870590209960938 126.6844940185546875 
184.4264068603515625 -1.1175870895385742188e-07 -1.1920928955078125e-07 34.06366729736328125 
40.2513885498046875 -15.245859146118164062 -15.245858192443847656 126.6844940185546875 
29.522857666015625 8.3446502685546875e-07 1.1622905731201171875e-06 34.84870147705078125 
67.7788238525390625 -116.70703125 -116.70703125 523.512451171875 
67.778717041015625 116.706817626953125 116.7068328857421875 523.5123291015625 
668.2244873046875 -117.1671905517578125 -117.1671905517578125 61.743865966796875 
668.2244873046875 117.1671905517578125 117.1671905517578125 61.743865966796875 
96.77259063720703125 69.05169677734375 69.05169677734375 120.6031646728515625 
237.249755859375 -161.143035888671875 -161.143035888671875 160.2881011962890625 
237.2498016357421875 161.14306640625 161.14306640625 160.2880859375 
96.7725830078125 -69.05169677734375 -69.05169677734375 120.60315704345703125 
636.83526611328125 89.382476806640625 89.382476806640625 66.13677978515625 
32.262187957763671875 -6.8754496574401855469 -6.8754496574401855469 54.960205078125 
502.693145751953125 -506.01348876953125 -506.0135498046875 914.66680908203125 
34.189609527587890625 -5.0999860763549804688 -5.0999860763549804688 106.7415618896484375 
90.03464508056640625 -62.460041046142578125 -62.46004486083984375 113.0289459228515625 
25.661380767822265625 2.7806909084320068359 2.7806906700134277344 80.1531219482421875 
272.3280029296875 93.48963165283203125 93.48963165283203125 73.62591552734375 
37.104736328125 20.125368118286132812 20.125370025634765625 115.69366455078125 
34.18961334228515625 5.1000132560729980469 5.10001373291015625 106.74155426025390625 
502.69305419921875 506.013336181640625 506.013336181640625 914.666748046875 
90.03467559814453125 62.4600677490234375 62.4600677490234375 113.028961181640625 
272.327972412109375 -93.4896392822265625 -93.4896392822265625 73.62590789794921875 
25.661380767822265625 -2.7806894779205322266 -2.7806897163391113281 80.1531219482421875 
37.10472869873046875 -20.12534332275390625 -20.12534332275390625 115.6936492919921875 
636.83575439453125 -89.382354736328125 -89.382354736328125 66.136627197265625 
32.262187957763671875 6.8754496574401855469 6.8754487037658691406 54.960205078125 
35.941028594970703125 -16.548793792724609375 -16.548793792724609375 99.44136810302734375 
26.072479248046875 -5.0832996368408203125 -5.0832996368408203125 171.4615936279296875 
63.852787017822265625 34.46865081787109375 34.46865081787109375 59.176845550537109375 
658.22119140625 0 -3.814697265625e-06 76.37493896484375 
25.510929107666015625 1.78813934326171875e-06 1.54972076416015625e-06 72.63556671142578125 
79.3562469482421875 -62.041065216064453125 -62.04106903076171875 118.85247802734375 
35.941043853759765625 16.548814773559570312 16.548814773559570312 99.44135284423828125 
26.07247161865234375 5.083354949951171875 5.083354949951171875 171.4615936279296875 
262.917755126953125 223.1744537353515625 223.1744537353515625 256.205657958984375 
67.495147705078125 -32.506450653076171875 -32.506450653076171875 59.0709075927734375 
67.49515533447265625 32.50649261474609375 32.50649261474609375 59.07091522216796875 
454.17327880859375 108.1386260986328125 108.1386260986328125 65.053314208984375 
454.17449951171875 -108.13867950439453125 -108.1386871337890625 65.05330657958984375 
55.5808868408203125 71.71915435791015625 71.719146728515625 220.36041259765625 
55.58094024658203125 -71.71926116943359375 -71.71926116943359375 220.360595703125 
36.383594512939453125 -7.0487432479858398438 -7.0487418174743652344 35.16314697265625 
79.3562469482421875 62.04106903076171875 62.041072845458984375 118.85247802734375 
63.852481842041015625 -34.46836090087890625 -34.468357086181640625 59.176555633544921875 
33.85875701904296875 15.218682289123535156 15.218682289123535156 94.50746917724609375 
262.917694091796875 -223.1744232177734375 -223.1744232177734375 256.205657958984375 
130.989715576171875 -75.246246337890625 -75.246246337890625 83.62998199462890625 
32.998416900634765625 -18.604425430297851562 -18.604425430297851562 166.29388427734375 
80.6759185791015625 31.921779632568359375 31.921779632568359375 58.87839508056640625 
1336.9766845703125 1060.807373046875 1060.807373046875 1000.656494140625 
1336.9766845703125 -1060.807373046875 -1060.807373046875 1000.656494140625 
80.675872802734375 -31.92173004150390625 -31.92173004150390625 58.87837982177734375 
32.9984130859375 18.604425430297851562 18.604427337646484375 166.2938995361328125 
130.989715576171875 75.246246337890625 75.246246337890625 83.62998199462890625 
463.006134033203125 76.71673583984375 76.71673583984375 45.608734130859375 
33.85875701904296875 -15.218687057495117188 -15.218687057495117188 94.50746917724609375 
1266.140625 -66.482757568359375 -66.48276519775390625 75.0149993896484375 
463.006134033203125 -76.71673583984375 -76.71673583984375 45.608734130859375 
217.5384368896484375 492.306884765625 492.306915283203125 1929.706298828125 
30.87811279296875 9.290218353271484375 9.290218353271484375 69.57486724853515625 
30.878110885620117188 -9.29022216796875 -9.29022216796875 69.5748748779296875 
217.53875732421875 -492.30743408203125 -492.307464599609375 1929.7060546875 
36.383594512939453125 7.0487432479858398438 7.0487422943115234375 35.163143157958984375 
25.14888763427734375 6.55651092529296875e-07 8.3446502685546875e-07 41.11287689208984375 
25.08661651611328125 -1.1920928955078125e-06 -1.013278961181640625e-06 121.95410919189453125 
1266.140625 66.482757568359375 66.48276519775390625 75.0149993896484375 
