-1.49472e-05
3.02546e-05
-3.37432e-06
1.78648e-05
4.1475e-05
-4.49354e-06
-0.00612499
-0.00288012
-0.0066844
0.00609794
-0.00286123
-0.00665883
-9.68559e-06
-9.87235e-05
0.000204192
2.91914e-06
-3.53681e-05
-3.38946e-05
-3.07499e-06
5.45038e-06
2.26821e-05
4.27174e-06
5.34553e-05
7.38975e-08
3.18355e-06
5.04955e-05
4.68321e-06
-1.44333e-05
2.16348e-05
5.10775e-05
4.92533e-06
4.37509e-05
-9.69533e-06
1.76265e-05
2.22083e-05
4.4181e-05
-8.28759e-06
5.20202e-05
-3.77615e-06
-2.66647e-05
-0.000104606
3.81625e-05
-4.11087e-07
3.93871e-05
-4.77956e-06
3.01245e-05
-0.000179995
3.37836e-05
-2.95596e-06
-1.89942e-05
6.63863e-06
1.9949e-06
-5.53341e-05
-1.37863e-05
4.51018e-06
-5.26909e-05
-7.42645e-06
-6.47344e-06
1.59042e-05
-1.40594e-06
7.17277e-06
1.79816e-05
-3.09027e-06
5.6633e-06
4.74676e-05
-1.0495e-05
-2.30989e-06
-9.79992e-06
9.49626e-06
7.6721e-06
-4.85612e-08
2.33888e-05
-4.87073e-06
4.79157e-05
-1.6818e-05
5.38329e-06
3.37729e-05
-8.77676e-06
5.28071e-06
-6.29657e-05
-3.12801e-05
1.37831e-06
1.37481e-05
9.71479e-06
-8.27063e-06
-1.72439e-05
6.46671e-05
-8.99547e-06
4.68843e-05
4.31513e-05
-5.39588e-07
0.000100444
5.07989e-05
1.96485e-05
6.59602e-05
-9.15755e-06
-7.64262e-06
0.000155013
0.000123882
1.11403e-05
-5.3625e-06
8.11983e-05
3.09426e-06
1.54074e-05
5.40011e-06
3.12043e-06
4.12242e-06
-7.38025e-07
-1.92662e-05
5.49139e-05
-8.18335e-06
8.58443e-06
0.000120357
5.9742e-05
5.54782e-06
0.000117824
8.38045e-05
-5.95048e-06
3.53853e-05
-1.43655e-05
-5.4531e-07
1.42757e-05
-4.8594e-06
9.77582e-06
1.23645e-05
8.55597e-06
2.73812e-05
-0.000102402
0.000222045
3.10799e-06
4.29368e-05
-5.84891e-06
1.14745e-06
1.9924e-05
5.06851e-06
-4.38121e-06
0.000127006
6.6804e-05
-8.0943e-06
1.0994e-05
5.17336e-05
-3.63113e-06
1.74482e-05
2.2822e-06
-3.56978e-05
1.0419e-05
0.000413731
-1.45724e-06
-4.5412e-06
-4.01556e-06
-1.77368e-05
9.91772e-05
-1.0861e-05
9.80555e-06
9.4441e-05
-6.05822e-06
1.2324e-05
4.91672e-05
-9.10454e-07
-1.32553e-05
4.22966e-05
-7.30112e-06
1.89735e-06
-1.85594e-05
-4.06241e-06
1.54701e-05
3.73712e-05
3.87486e-05
4.86707e-06
-6.54385e-06
-6.95622e-06
1.52168e-05
2.23631e-05
6.07785e-05
-6.97339e-06
5.05264e-05
-7.7024e-06
-1.08026e-05
0.000153105
7.11865e-05
7.97472e-07
-1.50865e-06
-2.06952e-06
-2.05312e-05
6.18256e-05
-6.61262e-06
-4.01366e-06
9.77225e-05
3.26506e-05
8.68341e-06
3.7697e-06
2.37037e-05
2.78839e-06
6.86366e-06
-4.17874e-07
-4.63788e-06
8.09499e-06
4.23454e-06
-1.2811e-05
3.21391e-05
5.33675e-05
1.93317e-06
0.000100121
4.16206e-05
2.02224e-05
7.34103e-05
-7.64844e-06
1.21957e-05
2.65496e-05
-3.37642e-06
3.15513e-06
0.00013474
7.97613e-05
-4.08991e-06
1.62996e-05
5.72433e-07
-1.46925e-05
2.94092e-05
-3.61354e-06
2.70666e-06
-2.32283e-05
-7.6726e-06
2.36021e-06
-5.9759e-05
-1.68514e-05
5.4652e-06
-8.30837e-05
-2.99998e-05
-3.1001e-06
-1.84173e-05
-8.25578e-08
7.96831e-06
1.93727e-05
2.52763e-05
-7.73645e-06
-3.94059e-05
-1.47605e-05
9.36635e-07
-7.8565e-05
9.56001e-07
-2.90482e-05
5.00112e-06
2.13042e-05
-1.83585e-06
-6.53719e-06
-4.18038e-06
6.62066e-06
-1.27227e-05
-1.44224e-05
-7.71351e-06
6.83907e-06
2.06923e-05
2.3221e-06
-1.58065e-05
-9.33638e-06
-7.60712e-07
-1.02924e-05
-5.42148e-06
-1.92452e-06
-1.46723e-06
-5.41904e-06
-2.62239e-06
1.21724e-05
3.17587e-06
4.18497e-06
4.98077e-06
1.82598e-06
-3.00523e-06
2.38405e-06
3.23739e-07
-2.20779e-06
-3.27698e-05
-1.12944e-05
-4.69748e-06
-1.59013e-05
-1.67258e-05
1.09281e-05
-2.86167e-06
-1.70076e-05
-6.68514e-07
-1.38566e-06
5.8754e-06
3.36554e-06
5.07921e-06
1.06624e-07
-3.20615e-06
8.55866e-06
1.8875e-06
2.99566e-06
-5.3353e-07
-5.02213e-06
-2.14662e-06
3.5871e-06
1.18352e-06
3.23485e-06
9.45226e-06
6.41721e-06
1.79412e-05
-4.2359e-05
-2.28796e-05
-2.21052e-06
-2.00561e-05
-7.42735e-06
-1.93785e-06
-2.12287e-05
-2.33532e-06
-3.16043e-06
-5.70316e-06
-6.07602e-06
7.20112e-07
-4.33155e-07
-2.05344e-06
-6.35136e-07
1.54363e-06
1.96329e-06
3.29372e-06
6.72802e-06
2.68994e-06
-2.19785e-06
6.72421e-06
3.09917e-06
-3.21882e-06
9.982e-06
5.61253e-06
2.781e-06
-8.63377e-06
-8.87152e-06
1.62473e-06
-2.72484e-05
-1.34942e-05
6.73891e-06
-2.08063e-05
-1.09295e-06
-2.43202e-06
-8.078e-06
-7.55737e-06
4.38575e-06
6.03334e-06
4.15254e-06
-1.62997e-06
-4.89522e-06
-2.43385e-06
3.34053e-06
5.79725e-06
4.63394e-06
-1.59968e-05
-2.65258e-05
3.58361e-05
1.0302e-05
-1.75625e-05
-6.25142e-06
3.18926e-06
2.38164e-07
2.93054e-06
-4.81674e-06
1.03452e-05
1.08492e-05
-1.87132e-06
8.44799e-06
3.52492e-06
-4.09657e-06
9.71098e-06
6.18507e-06
1.12294e-06
3.79182e-06
-2.39887e-06
-1.1817e-06
2.84455e-06
1.83758e-06
4.69807e-07
1.14056e-06
2.45309e-06
6.33201e-06
9.79876e-06
-1.52225e-05
5.63094e-06
-7.58882e-06
1.00279e-05
4.81025e-06
-3.01855e-06
8.77462e-07
8.61626e-06
-1.88058e-05
-1.52572e-05
3.55394e-06
2.03426e-06
-1.8719e-06
-3.77261e-06
9.74036e-07
-8.66295e-06
-1.08415e-05
7.7077e-06
4.62367e-06
-5.30457e-06
-2.07272e-05
-2.73213e-05
-1.86951e-06
8.08058e-07
4.72949e-06
-3.26775e-06
1.57558e-05
1.61676e-06
1.16569e-05
-6.40451e-06
3.17044e-06
2.68367e-07
5.7428e-06
3.19208e-06
5.36159e-06
5.71626e-07
5.8636e-06
2.88965e-06
5.39107e-06
1.48849e-06
-1.12877e-06
-3.45508e-05
-1.22588e-05
-2.36015e-07
3.32105e-06
1.51946e-06
2.36563e-07
1.10701e-06
6.38238e-06
-3.62608e-06
-1.52268e-05
-1.34647e-05
-2.63328e-06
-1.55008e-05
-8.53402e-06
-1.0906e-05
9.97313e-06
-5.08958e-06
1.41325e-06
-1.89661e-06
3.69326e-06
-2.5088e-06
3.69303e-06
-1.10639e-06
-9.57706e-06
-4.29783e-05
-1.65498e-05
1.91599e-06
-5.10482e-06
-2.13037e-06
-1.90279e-06
1.05368e-05
1.76066e-05
1.55132e-06
-9.68539e-07
5.00324e-06
1.75005e-07
-1.13629e-05
-1.19269e-06
2.83792e-06
3.79523e-06
6.02755e-07
-5.58997e-07
6.9056e-06
2.63293e-06
7.72535e-06
-6.56309e-06
-1.54922e-05
1.44593e-05
-4.69746e-06
5.05461e-06
1.41265e-06
-1.55859e-05
2.04588e-06
2.64379e-06
-3.02477e-06
7.40856e-06
-1.12182e-05
1.42886e-05
5.81502e-06
-9.99796e-06
-2.5212e-05
-8.52906e-06
8.29591e-06
-2.79359e-05
-6.63496e-06
7.3572e-06
-3.22826e-05
-1.44245e-05
-9.48895e-06
-3.1098e-06
2.29017e-05
1.15271e-05
-6.58997e-06
1.47834e-05
3.6222e-06
-4.53918e-05
-8.78846e-06
-3.23228e-06
8.35986e-06
-3.90268e-06
6.51154e-06
-6.47457e-06
-9.09377e-06
2.68356e-06
-1.22983e-05
-5.94648e-06
-2.09135e-06
-2.10576e-06
9.44329e-07
1.40466e-06
3.72751e-06
-1.8495e-07
-4.62407e-07
1.8638e-05
7.33513e-06
-6.62269e-06
-1.32756e-05
2.05745e-05
1.21607e-05
-1.57198e-05
1.62323e-05
-4.95775e-06
1.78525e-05
1.00746e-05
-1.86079e-06
1.47123e-05
-3.91102e-06
2.20072e-06
-2.30664e-05
5.95516e-06
1.41164e-06
9.5986e-06
4.78119e-06
-6.57464e-06
-3.96134e-05
3.78674e-05
8.39993e-06
-1.28355e-05
-1.30515e-05
-6.72884e-06
-3.21384e-05
-2.0166e-05
5.24412e-06
-1.86162e-05
1.76233e-06
6.42807e-06
9.91303e-06
9.89555e-06
1.35877e-05
-3.3663e-05
-2.18049e-05
-2.3824e-06
-5.06665e-05
1.27602e-05
2.45281e-05
7.37163e-05
8.24938e-05
-6.54593e-06
-1.43856e-05
-2.46502e-06
4.14395e-06
2.09852e-05
7.25353e-06
4.66137e-07
-4.99141e-05
-2.05146e-05
-2.1576e-06
4.71322e-06
2.08012e-06
2.90379e-06
-1.9587e-05
8.77311e-06
-5.0521e-06
1.5283e-05
1.82855e-05
-8.04089e-06
3.5801e-05
2.58601e-05
3.59159e-06
1.82323e-05
8.26415e-06
2.25113e-07
-6.2401e-05
4.49981e-07
-3.42297e-06
2.21259e-05
1.44394e-05
-2.66603e-06
9.22462e-06
-9.28893e-06
3.41303e-06
7.49001e-06
5.24174e-06
-3.32937e-06
-4.00009e-05
-1.09996e-05
-6.13886e-06
2.15099e-05
2.00328e-05
4.37228e-06
-3.34121e-05
2.86667e-05
1.62221e-05
1.6247e-05
-3.5892e-05
7.74717e-06
-4.31992e-05
-1.99689e-05
-1.26865e-05
3.37257e-05
2.73245e-05
-8.38407e-06
2.28963e-05
1.93871e-05
2.81656e-06
-2.90946e-05
-4.86001e-06
-1.53164e-06
-1.54125e-07
-6.24662e-06
7.94388e-06
4.58413e-06
-7.93695e-06
7.66521e-06
-1.56886e-05
3.07259e-05
-4.23019e-06
-8.12265e-06
8.32698e-06
3.39126e-07
4.4965e-06
1.3093e-06
3.50055e-06
-9.7084e-06
-2.46758e-06
-7.08679e-06
1.24991e-05
-8.97409e-06
-2.48236e-06
-2.36624e-05
-2.25335e-05
-1.82481e-06
-3.91083e-05
1.26081e-05
-4.81873e-06
-1.651e-05
6.94635e-06
1.05597e-05
-2.75532e-05
1.59485e-05
-2.67702e-06
2.16051e-06
-3.46519e-06
9.86697e-06
3.03411e-05
1.60354e-05
8.49829e-06
-2.05724e-05
1.38724e-05
8.42844e-06
3.23853e-05
-6.35736e-06
2.61622e-06
-1.03623e-05
5.80445e-06
-3.89226e-06
8.04755e-06
-1.1366e-06
1.04088e-05
3.72949e-05
4.74564e-05
9.31623e-06
-8.191e-06
-1.316e-05
-9.74966e-06
1.02291e-05
2.94715e-05
-4.15851e-07
6.51661e-05
1.87029e-05
7.04324e-06
1.50519e-05
1.10375e-05
1.71542e-06
-2.31399e-05
-4.90077e-06
8.04304e-07
-3.7131e-05
-3.67856e-06
2.62147e-06
-7.85221e-06
1.07132e-05
3.16748e-06
-1.97981e-06
-3.59782e-06
-7.03489e-07
2.26766e-06
2.71255e-06
1.13311e-05
1.06717e-05
-2.84505e-05
4.08643e-07
3.33353e-06
-9.74706e-07
2.22349e-06
-9.5175e-07
-2.11679e-06
1.40662e-05
4.26238e-05
4.34334e-05
-1.33073e-05
5.39465e-05
7.05103e-05
-3.08822e-06
-6.98797e-06
-1.25813e-06
7.5738e-07
8.60082e-06
4.76789e-06
9.56265e-07
1.35234e-05
8.11681e-07
-5.15691e-06
-1.1448e-05
-4.1315e-06
-1.02923e-05
2.06775e-05
2.9438e-05
4.28268e-06
-2.12177e-05
1.60768e-05
-2.74721e-06
2.24489e-06
1.25434e-06
6.29525e-06
-1.3232e-05
9.96372e-06
-9.69876e-07
-1.08149e-05
1.54647e-06
5.5643e-06
-1.81548e-05
1.05886e-05
2.43551e-07
-1.38486e-05
-8.06881e-06
1.28837e-06
3.32632e-06
2.7403e-06
7.95845e-06
-7.02407e-06
-1.43771e-05
-1.18505e-05
-5.02123e-05
-2.93114e-05
-3.11911e-06
-3.47737e-06
8.83867e-06
4.80195e-06
-1.01391e-05
-1.69545e-06
-5.26506e-07
4.86343e-06
-2.04405e-06
-3.62088e-07
1.82242e-06
4.59054e-06
-7.33643e-06
-1.03157e-05
-1.30586e-05
2.15391e-06
-1.30173e-05
-5.8289e-06
9.55937e-07
1.00781e-05
4.26572e-06
-2.45166e-06
8.13652e-06
-2.21135e-05
5.64097e-06
-1.71462e-06
3.03718e-05
4.01456e-07
6.09906e-06
1.41732e-06
-2.00622e-06
-3.10967e-06
2.18225e-08
4.60424e-06
1.30843e-05
1.09169e-05
7.24895e-06
7.18979e-06
1.47647e-05
4.12536e-06
8.18304e-06
9.86853e-06
6.14963e-07
-4.13815e-06
-4.15386e-08
-4.85086e-06
3.58542e-05
2.34079e-05
4.06796e-06
1.32564e-05
-1.16819e-06
-4.01404e-06
9.51979e-06
3.46737e-06
9.23728e-06
-4.47601e-05
-2.20351e-05
-8.89766e-06
-4.4521e-05
-2.26406e-05
6.85597e-06
-1.09882e-05
-1.20735e-05
6.43363e-06
-2.94106e-05
-1.39344e-05
6.02228e-07
-2.97979e-05
1.3301e-05
6.06951e-06
-8.47126e-05
5.15724e-05
7.01641e-06
-1.41536e-05
5.24361e-06
7.352e-06
3.51039e-05
-5.38058e-06
2.69287e-06
2.93058e-06
-8.57293e-06
-4.76568e-06
9.33372e-06
7.33418e-07
-2.01782e-05
3.69416e-05
4.44303e-05
-1.4474e-05
3.04516e-05
0.000103259
-5.73108e-06
5.07461e-05
6.97054e-05
1.19785e-05
4.89662e-05
0.000102809
-4.31655e-06
2.89e-05
-1.41962e-05
5.84851e-07
2.52925e-05
-4.76919e-06
3.38012e-06
-7.71859e-07
8.03164e-06
4.12979e-06
7.65057e-06
-2.45576e-05
8.43557e-06
1.72988e-05
1.93266e-05
3.26278e-06
4.87238e-06
-6.02432e-06
7.02848e-06
2.48615e-05
-1.12646e-06
3.76736e-06
-5.15712e-06
-5.62004e-06
-3.9372e-06
1.89714e-05
-1.31398e-05
2.48042e-06
1.42088e-05
7.79018e-06
4.30551e-06
2.59716e-05
-2.6238e-06
1.88743e-06
4.99958e-06
-5.16878e-06
-8.62792e-06
1.58655e-05
2.09027e-05
-2.20551e-06
1.48235e-05
7.61198e-06
-7.93152e-06
8.27981e-06
2.78498e-05
4.64977e-06
-5.25401e-06
-8.2885e-06
2.70001e-06
-3.26924e-05
1.73581e-06
-1.53349e-05
2.28411e-05
1.62269e-05
-7.62004e-06
2.21115e-05
1.93129e-05
-1.62174e-06
2.05978e-05
1.07491e-05
2.92537e-06
1.28474e-05
7.67291e-06
-3.67357e-07
5.8487e-06
3.65648e-06
-8.0546e-06
-1.58024e-05
-1.64195e-05
-1.06264e-05
-3.37979e-05
-1.91355e-05
9.05378e-07
3.8663e-05
-2.44566e-06
1.58474e-06
1.01618e-05
4.57734e-06
-9.55882e-06
-1.34484e-06
-2.56281e-05
-6.9456e-06
-2.51107e-05
2.01316e-05
8.90952e-06
2.05381e-05
-3.25655e-06
-3.66729e-06
1.7784e-06
-1.0429e-05
-1.71512e-06
-1.22839e-06
-1.6007e-06
3.31729e-06
-6.80106e-05
-2.02876e-05
-6.71049e-06
-4.60478e-06
1.78475e-06
-5.66806e-06
2.78485e-05
-6.80421e-06
2.65717e-06
1.32515e-05
8.15729e-06
6.97363e-06
2.55625e-05
1.43656e-05
2.04001e-05
-9.30164e-05
7.76166e-05
-2.51328e-06
-7.29099e-08
-1.26393e-05
1.82097e-06
-1.90827e-06
2.2107e-06
1.02128e-06
-1.74957e-05
2.35975e-07
-1.95898e-05
3.34693e-05
6.80703e-05
-8.83339e-06
1.92771e-05
-2.61053e-06
-3.04431e-06
7.13479e-06
6.34419e-06
-4.6106e-06
2.58288e-05
4.28251e-05
-3.06119e-06
-1.46004e-05
3.29154e-05
5.67225e-06
-2.59953e-05
-3.79848e-06
-1.62375e-05
-0.000104213
2.13483e-05
-2.05909e-06
3.64283e-06
9.55361e-06
-6.9969e-06
6.64169e-06
3.00436e-05
2.87717e-05
9.49046e-06
3.92305e-05
-8.3576e-06
8.69794e-05
4.91546e-05
-3.12019e-06
1.5353e-05
-1.01503e-05
3.93046e-06
1.56219e-05
-6.21031e-06
-4.95295e-06
3.65026e-05
-2.81693e-06
-5.81263e-06
1.77568e-05
-8.71235e-06
2.04018e-06
2.29937e-05
-2.78415e-06
6.59591e-06
1.80232e-05
-4.42879e-06
-3.10588e-06
7.53571e-06
-5.28107e-06
1.30841e-05
6.07368e-05
-1.3713e-05
-3.81981e-06
3.2231e-05
-7.3845e-06
-2.01021e-05
4.65535e-05
-5.40692e-06
5.22444e-06
5.91382e-05
-8.59502e-06
-6.93093e-06
3.2146e-05
-2.29218e-06
-1.16153e-05
7.09959e-05
-4.64087e-06
-8.68689e-06
3.29632e-05
-3.15899e-06
3.5953e-06
3.72881e-05
-4.378e-06
-1.52869e-06
1.13784e-05
-1.56668e-05
1.6063e-05
4.52091e-05
-7.20712e-06
-1.08801e-05
-4.64033e-06
7.13285e-06
-9.78469e-06
2.95573e-05
-6.20429e-06
1.78563e-06
2.96788e-05
-3.0339e-06
2.18613e-05
4.79759e-05
-5.71156e-06
-6.44333e-06
1.771e-05
-3.01592e-06
7.41e-06
6.22411e-05
3.44868e-06
-1.43739e-05
4.25033e-05
-2.88146e-06
1.44833e-06
7.23785e-06
7.08866e-06
5.23612e-07
1.11932e-05
-2.47867e-05
-8.17323e-06
2.03697e-05
4.80948e-06
-1.89128e-05
3.71455e-05
-4.66699e-06
2.25783e-05
7.68709e-05
-8.35958e-06
1.44115e-05
3.84118e-05
-4.50069e-06
-1.77756e-05
6.42069e-05
-2.12586e-06
6.4502e-06
1.57131e-05
-4.98237e-08
1.0878e-05
0.000171969
0.000216964
-6.43411e-06
1.4807e-05
-3.19362e-06
8.98401e-06
1.86855e-05
1.41783e-05
-4.9217e-07
2.00598e-05
-9.38676e-06
7.76075e-06
4.1703e-05
-6.71326e-06
3.11741e-06
8.42121e-05
2.31155e-06
-3.64373e-06
2.37616e-05
1.61715e-06
-8.09775e-06
0.000101529
3.96218e-06
-2.33225e-06
4.13744e-05
-8.00573e-06
-7.66708e-06
4.05399e-05
-7.34981e-06
3.91752e-07
4.54037e-05
-7.25617e-06
-1.50199e-05
3.91489e-05
-4.33698e-06
1.82834e-05
5.5232e-05
-6.88989e-06
2.29645e-06
3.24294e-05
-1.33783e-06
3.929e-06
9.97046e-06
5.1647e-06
-1.81152e-06
1.74432e-05
4.84506e-06
-2.19895e-05
7.08895e-05
-7.90485e-06
-1.79124e-09
2.70097e-05
-1.72885e-06
4.98448e-06
0.00013231
0.000114086
-2.66938e-06
6.23135e-05
6.96561e-06
-6.99819e-07
1.04393e-05
-1.04242e-05
-2.89356e-06
1.11037e-05
2.96766e-06
-6.402e-06
5.27851e-05
5.87194e-06
-3.72502e-06
1.26076e-05
2.4914e-06
-3.38626e-06
1.08361e-05
2.4158e-06
3.95728e-06
1.93495e-05
-3.46678e-06
1.75968e-06
0.000203734
0.000244266
2.37938e-06
7.3406e-06
8.5072e-06
6.8033e-06
1.91695e-05
-5.30647e-06
-3.14199e-06
3.8511e-05
1.48883e-06
3.98191e-06
2.11031e-05
-2.28107e-06
-1.15497e-05
0.000183417
0.000221774
1.55252e-06
4.59589e-05
5.55847e-06
9.06906e-06
4.66177e-05
-6.64565e-07
-1.71681e-06
8.36362e-06
2.70096e-06
-2.0371e-06
-7.70539e-05
0.000187984
1.50064e-05
8.98208e-05
0.000137268
5.48915e-06
2.6328e-06
3.66272e-06
-9.95656e-06
3.86196e-05
-7.96156e-06
-8.23155e-07
6.15507e-05
1.15019e-05
9.33672e-06
7.57673e-06
-3.23317e-05
5.04529e-06
2.48509e-05
1.28915e-05
6.26704e-06
5.73283e-05
-2.88645e-06
-2.37503e-06
3.19723e-05
-8.4057e-07
2.86064e-06
4.55539e-05
5.70472e-06
2.89749e-07
-3.30028e-05
8.11626e-06
-5.85361e-07
2.71097e-06
-7.83762e-06
-1.8735e-05
-2.3926e-05
3.88874e-05
-1.25488e-05
3.0847e-05
-4.83211e-06
-8.05724e-06
1.62027e-05
-4.74806e-05
3.82297e-06
8.52916e-06
-1.12942e-06
-1.17136e-06
3.85268e-05
5.29119e-06
-1.80039e-05
4.21298e-05
-6.35801e-06
-1.31986e-07
1.60439e-06
-4.07938e-06
