191.36611280532750357 -66.724566366948835139 -66.724566366948835139 52.101903133451514805 
191.36611280518201283 66.72456636765514304 66.72456636765514304 52.101903134089198488 
1277.4365664452611782 -1247.1007906102868219 -1247.1007906102868219 1975.694869589778591 
1277.4365664423507951 1247.1007906076711151 1247.1007906076711151 1975.6948695871828932 
25.518275110287927276 -3.200815168469262062e-10 -3.2008140582462374368e-10 166.49109729527438617 
25.210196428850583317 -1.1598166871351622831e-11 -1.1598388915956547862e-11 63.415318393268456987 
1037.2330379587647258 -8.8132168230004026555e-11 -8.8132168230004026555e-11 76.555237243714088891 
25.54255847156400705 -1.3930755296202455007 -1.3930755296202455007 80.191615803837848375 
25.542558471747536686 1.393075530263687245 1.3930755302636881332 80.191615805805270156 
135.50904636670952641 -124.83540571017185528 -124.83540571017186949 205.74702353191452175 
154.84299971748265534 48.768834169230586895 48.768834169230586895 60.015056857096382714 
135.50904636761194411 124.83540571167931432 124.83540571167934274 205.74702353435844771 
154.84299971647601524 -48.768834169045909732 -48.768834169045916838 60.015056857062504037 
40.252116091468685966 15.244018044818092861 15.244018044818087532 126.68197929383482858 
184.42238835501956373 8.7445342633607481275e-11 8.7445342633607481275e-11 34.063621273900608344 
40.252116092769064437 -15.244018045770799219 -15.244018045770799219 126.68197929455472206 
29.522860285179458373 1.2077117084174915362e-11 1.2076256661330830866e-11 34.848707079098744543 
67.831341770564733906 -116.91056056204789115 -116.91056056204790536 524.18103151071090906 
67.831341770592530338 116.91056056155802878 116.91056056155801457 524.18103150993158579 
668.22777008170396584 -117.16334705289450824 -117.16334705289452245 61.741464879264540855 
668.22777008435286916 117.16334705314801568 117.16334705314801568 61.741464879719920589 
96.745985412067852849 69.033159352171608703 69.033159352171608703 120.6186807724096326 
236.88813501067883749 -160.84646733069041602 -160.84646733069041602 160.10470401146000086 
236.88813500307787763 160.84646732542319114 160.84646732542319114 160.10470400790484291 
96.745985412246795931 -69.033159350425222556 -69.033159350425222556 120.61868076939298078 
636.83189305922212498 89.381205706494881724 89.381205706494881724 66.135915747805711362 
32.26520656375912921 -6.875352891593914606 -6.8753528915939154942 54.960132199124650754 
502.41183536339451621 -505.92820352337901113 -505.92820352337906797 915.16629222930521337 
34.18976848929354162 -5.1004241179965008612 -5.1004241179965026376 106.74136246263563521 
90.008675548446078096 -62.432992873141856194 -62.432992873141856194 113.00052256320537936 
25.661293170614293047 2.7834773063622755274 2.7834773063622750833 80.175299262094071651 
272.29659647286814561 93.469407433627154091 93.469407433627154091 73.618086037645980468 
37.10002916730888245 20.11499795684801839 20.114997956848014837 115.70874258474768226 
34.189768489258419493 5.1004241181326319676 5.1004241181326310794 106.74136246131563155 
502.41183536113703667 505.92820352156002173 505.92820352156002173 915.16629222810820465 
90.008675546853339711 62.432992872792880235 62.432992872792880235 113.00052256250233995 
272.2965964709023865 -93.469407431426361654 -93.469407431426361654 73.618086035680377677 
25.661293170581053857 -2.7834773062285891321 -2.7834773062285891321 80.175299262624420749 
37.100029168542370428 -20.114997957248363036 -20.114997957248363036 115.70874258752341746 
636.83189305954056181 -89.381205707919519909 -89.381205707919548331 66.135915748343194309 
32.265206563919335281 6.8753528915510244701 6.8753528915510235819 54.960132199268912245 
35.941464920868348543 -16.546468768516014336 -16.546468768516014336 99.43968632146265918 
26.072662743727143209 -5.0832175617258599232 -5.083217561725859035 171.46142510043065954 
63.852434019792681852 34.472554308616174978 34.472554308616174978 59.219151615890041285 
658.21090400911862162 1.3783107988274423406e-10 1.3783107988274423406e-10 76.374048320531784384 
25.510928259604376933 -5.5634385986991219397e-11 -5.5634385986991219397e-11 72.635565153445568853 
79.334284200728987457 -62.024450830270360768 -62.024450830270360768 118.83992011721322513 
35.941464919457963845 16.546468766925329419 16.546468766925325866 99.439686322543622055 
26.072662744029926785 5.0832175621615487415 5.0832175621615487415 171.46142510224831312 
262.48896041947040203 222.99422839983293443 222.99422839983293443 256.24073522576412643 
67.455711286162170381 -32.477206499500319126 -32.477206499500319126 59.083437237145723486 
67.455711288349235133 32.47720650173997825 32.47720650173997825 59.08343723896979327 
454.16377917879788129 108.13238999754854319 108.1323899975485574 65.049525488586922961 
454.16377917666079611 -108.13238999809877328 -108.1323899980988017 65.049525488245691918 
55.571854814271588907 71.863904149284536516 71.863904149284550726 221.21086671375485366 
55.571854813981168775 -71.863904149058882354 -71.863904149058882354 221.21086671335135065 
36.383596213622098503 -7.0487438534060231632 -7.0487438534060231632 35.163147470222796187 
79.334284201342740062 62.024450831395213868 62.024450831395220973 118.83992011920909704 
63.852434020974740747 -34.472554309617670754 -34.472554309617684964 59.219151616841216423 
33.858620868975464191 15.220142433991544095 15.220142433991544095 94.50869911541965962 
262.48896042241779014 -222.99422840096715959 -222.99422840096718801 256.24073522605101516 
130.95602629716285037 -75.240875448083556876 -75.240875448083556876 83.650542959149390754 
32.978816159752916803 -18.559603291249793244 -18.559603291249793244 166.28329970184455533 
80.665665874348960074 31.912889504432335741 31.912889504432335741 58.873240186821604425 
1336.7411028250321579 1060.4908786520197737 1060.4908786520195463 1000.3801087586540461 
1336.7411028310259553 -1060.4908786570504162 -1060.4908786570504162 1000.3801087629940412 
80.665665878884766471 -31.912889507278151768 -31.912889507278151768 58.873240188658968464 
32.978816160478224617 18.559603295648365417 18.559603295648358312 166.28329969747829864 
130.95602629551609652 75.240875448770353273 75.240875448770339062 83.650542961351447957 
463.00873974691830881 76.711573405490526056 76.711573405490526056 45.607707966495127039 
33.858620870428644878 -15.220142435614945953 -15.220142435614945953 94.508699117263574863 
1266.1420784116151026 -66.482982973307571228 -66.482982973307571228 75.016729341657764962 
463.00873974509346453 -76.711573403802162829 -76.711573403802162829 45.607707965920766924 
217.48659436390528299 492.28290231884420791 492.28290231884420791 1930.129154923578426 
30.87811451764759596 9.2902190466431129323 9.2902190466431129323 69.574878245025217893 
30.878114517304329212 -9.2902190464927478786 -9.2902190464927478786 69.574878244868799015 
217.48659436451015381 -492.28290231999608295 -492.28290231999613979 1930.1291549240211225 
36.383596213830443844 7.0487438534463882078 7.048743853446389096 35.163147470345407442 
25.148835362307572439 -8.5644824565633825841e-12 -8.5644824565633825841e-12 41.112920254407868015 
25.086648161481463148 9.2602148171749831818e-11 9.2601537549086287981e-11 121.95402770957687721 
1266.1420784125646151 66.482982972486226458 66.482982972486212248 75.016729341359905447 
