273 -0.0163355 -0.0519412 0.0864989 424 -0.0468316 -0.0688319 0.0606733 
58 0.00124005 -0.0973511 0.019881 400 0.0309149 -0.0980555 0.0392698 
513 -0.0447479 -0.09355 0.0386767 639 -0.00565304 -0.0853121 0.0348433 
659 0.0373609 -0.0931749 -0.00921318 666 0.00780863 -0.100558 -0.00796148 
457 -0.00362744 -0.0648459 0.0766263 571 0.0311217 -0.0525717 0.0871354 
568 0.00912062 -0.0772236 0.0652301 612 0.0537782 -0.0675099 0.0597901 
4 -0.00112811 -0.0996604 -0.0237842 52 -0.0364558 -0.0939378 -0.0100167 
266 0.0532484 -0.0754981 0.0400833 617 0.051665 -0.0839647 0.0203339 
472 -0.0133535 -0.0989157 -0.00824741 
543 0.0181819 -0.0843068 0.0507553 

273 -0.0163355 -0.0519412 0.0864989 424 -0.0468316 -0.0688319 0.0606733 
58 0.00191953 -0.0978558 0.0216109 400 0.0309416 -0.097878 0.0393097 567 -0.0280769 -0.100272 0.00610892 
513 -0.044876 -0.0932139 0.0384851 589 -0.0315417 -0.0761945 0.0644038 639 -0.00578203 -0.0858154 0.0348635 
266 0.0531153 -0.0753315 0.0400027 572 0.0148247 -0.102495 0.0084847 617 0.0522098 -0.0851869 0.0204333 659 0.037817 -0.0941604 -0.00911713 666 0.00776896 -0.100325 -0.00793241 
457 -0.00362744 -0.0648459 0.0766263 571 0.0311217 -0.0525717 0.0871354 
543 0.0184143 -0.0847916 0.051261 568 0.00910799 -0.0771813 0.0651985 612 0.0538091 -0.0676183 0.0598706 
4 -0.00130075 -0.100553 -0.023879 52 -0.0363154 -0.0938004 -0.00986499 472 -0.0138231 -0.0998685 -0.0085061 

273 -0.0163355 -0.0519412 0.0864989 424 -0.0468316 -0.0688319 0.0606733 
58 0.00250388 -0.0973558 0.0190778 400 0.0309036 -0.0981302 0.039253 567 -0.0279445 -0.103862 0.00694684 
513 -0.0449574 -0.0930001 0.0383633 543 0.016416 -0.0871194 0.0519461 568 0.00779791 -0.0779651 0.065175 589 -0.0315452 -0.0760572 0.0643661 612 0.0536371 -0.0670365 0.0594366 639 -0.00612713 -0.0861691 0.0349937 
266 0.0531153 -0.0753315 0.0400027 572 0.0148247 -0.102495 0.0084847 617 0.0522098 -0.0851869 0.0204333 659 0.037817 -0.0941604 -0.00911713 666 0.00776896 -0.100325 -0.00793241 
457 -0.00362744 -0.0648459 0.0766263 571 0.0311217 -0.0525717 0.0871354 
4 -0.00130075 -0.100553 -0.023879 52 -0.0363154 -0.0938004 -0.00986499 472 -0.0138231 -0.0998685 -0.0085061 

273 -0.0163355 -0.0519412 0.0864989 424 -0.0468316 -0.0688319 0.0606733 
4 -0.00130075 -0.100553 -0.023879 52 -0.0363154 -0.0938004 -0.00986499 472 -0.0138231 -0.0998685 -0.0085061 
457 -0.00362744 -0.0648459 0.0766263 571 0.0311217 -0.0525717 0.0871354 
58 -0.00111625 -0.0970294 0.0202809 266 0.0532073 -0.0754467 0.0400584 400 0.030801 -0.0988105 0.0391004 513 -0.0440893 -0.0952786 0.0396619 543 0.0161807 -0.0874805 0.0520812 567 -0.0305649 -0.10485 0.00582321 568 0.00758711 -0.0780676 0.0651564 572 0.0138576 -0.104663 0.00971777 589 -0.0315204 -0.0770152 0.0646293 612 0.0536259 -0.0669992 0.0594088 617 0.0518278 -0.08433 0.0203636 639 -0.00710264 -0.0837025 0.0344278 659 0.0375225 -0.0935284 -0.00918028 666 0.00779373 -0.10047 -0.00795056 

273 -0.0163355 -0.0519412 0.0864989 424 -0.0468316 -0.0688319 0.0606733 
4 -0.00130075 -0.100553 -0.023879 52 -0.0363154 -0.0938004 -0.00986499 472 -0.0138231 -0.0998685 -0.0085061 
457 -0.00362744 -0.0648459 0.0766263 571 0.0311217 -0.0525717 0.0871354 
58 -0.00127817 -0.0970153 0.0203669 266 0.0531553 -0.0753816 0.0400269 400 0.0308048 -0.0987853 0.039106 513 -0.0441016 -0.0952465 0.0396436 543 0.016141 -0.0874737 0.0520616 567 -0.0306384 -0.104867 0.00578941 568 0.00761252 -0.0780517 0.0651564 572 0.0137329 -0.104124 0.00960498 589 -0.0315206 -0.0770066 0.0646269 612 0.0536318 -0.0670188 0.0594235 617 0.0520516 -0.0848155 0.0203999 639 -0.0070721 -0.0837201 0.0344399 659 0.037856 -0.0942285 -0.00911588 666 0.00776615 -0.100308 -0.00793036 

