-0.49747924685346578411 -0.39291286855948948098 -0.37808337333451336182 
0.4957336972857454005 -0.39352964063209494583 -0.37806437152269622981 
0.49891022570690829463 -0.00021474011931890178511 0.49793739839403533542 
-0.49891079462978721315 -0.00021011339049886528473 0.49793862445540998385 
-0.001300752216867881797 -0.10055328540396919756 -0.023879038245809801333 
-0.00083525390559680359488 0.10801400840670960513 0.42444026550508417994 
1.553498786588994432e-05 -0.37835834993239125801 -0.38685230580743079631 
0.49687526116584446179 -0.12587143008547937995 -0.0050785729303517946828 
-0.49784286801841931558 -0.1253206399422978623 -0.0047826575954073163865 
0.24906285248255921605 -0.0037818509168011113855 0.21057851445641551091 
0.25113532265211513383 -0.18656313629907345097 -0.25586224865567203102 
-0.24911703692923628517 -0.0033263580378038535429 0.21071160620027407084 
-0.25231069934245442532 -0.18661646424405078926 -0.25562576024015032372 
0.25028841895949938134 -0.086793720897333684339 -0.025797340296477826865 
-0.00068484851248627059712 -0.17615078978457102132 -0.26130896492302452261 
-0.25129916625688086818 -0.087212794000641913339 -0.02539064171981543841 
0.39867138500341681162 -0.023460648175067499305 0.30802123178030588191 
0.24819258943579622367 0.076401009202651359864 0.44095911849995617082 
-0.24941281591201422407 0.077835768502766897181 0.43960206659077877278 
-0.24781279139124820499 -0.38469837233003667532 -0.37997146853937013855 
0.2460228303663562488 -0.38466244546171213248 -0.37666909989270069836 
0.50043484866022136526 -0.21059062415167542626 -0.24246684789419756245 
0.49055490887372932285 -0.061822698469671741317 0.24221938813297877457 
-0.49136625371762804315 -0.060231526005434951609 0.24214163917140038573 
-0.50160030408777955824 -0.21039174540253338663 -0.2421292868477920579 
0.34464403501164719845 -0.23417665569977486051 -0.31908716582300983289 
0.069640036456356635419 -0.10789478930652005029 -0.11157010519432951356 
0.36990290831980604525 -0.006324022222969945782 0.34759946559475340955 
0.12429099449600268523 -0.037903805555241205927 0.084562922218211517 
0.37132006958981556011 -0.072684377538188280066 0.10670708197613848478 
-0.28509720855227382863 0.00093802312102809202229 0.31406693380683414762 
0.37506677010128330885 -0.26794055702016428278 -0.35265765059550113758 
-0.39447119746598680035 0.00074449065082120909499 0.41047539611131766968 
-0.12466155159964759092 -0.043922454251620696164 0.087204424838806124387 
-0.36996443835005182743 -0.00082189232871600218303 0.34793639031462231248 
0.17031501800521003931 -0.22071715436241950981 -0.31954328397839021347 
-0.17760474218046967687 -0.0073996295741664318626 0.21550766190819023449 
-0.36986415064878092052 -0.0029702292822488154771 0.32742533181160976552 
-0.39765244364124396892 -0.0011680921640390045171 0.37476025293400533345 
-0.44454296160540768268 -0.015263720214234367811 0.38775917842931167945 
0.038484565894077178705 -0.24471466762324084465 -0.34639415532720158053 
-0.37425835670542922928 -0.10940384745105845299 -0.013755072638412080277 
0.054435474206387488016 -0.16109277422599149743 -0.23383999556963394606 
0.40719667995743957789 -0.01453293743134909978 0.33875515783360443667 
0.22708571450256875845 -0.23249304744198373562 -0.32854850019341574896 
-0.00079202154057231408286 -0.11880415814204320357 -0.14937968204063814537 
0.24968697138594689311 -0.045538602645008634251 0.092714065971961995283 
0.37324972181416615769 -0.1097257187530663175 -0.013897180376470464475 
0.12388341011176161321 -0.079601690640217048767 -0.030541569586148217819 
-0.3699603074949258108 -0.036034681594566943252 0.2279008021955117036 
-0.37731409162603235519 -0.19729305946243019809 -0.24945393729977599628 
0.37408478095522557094 -0.29628830610490680675 -0.36603270317793551447 
-0.036315376052478434699 -0.093800357486142779684 -0.009864987024072641858 
-0.32568249855159214778 -0.001978552562363318848 0.34343393575069935952 
0.3754233245721895762 -0.16057595353138867655 -0.16285572462345004885 
0.14283964372772078866 -0.21719223630438777572 -0.31694245634066320338 
-0.19299871135599289129 -0.0056076436121768238191 0.23085241905520426098 
-0.24999877271218365338 -0.046192609705502069017 0.093139950095717044531 
-0.0012781726661787219407 -0.097015255857519369642 0.020366882114202029125 
0.25080501530997745263 -0.13325414961769313504 -0.14232869331463879337 
0.36860016563906355946 -0.039624512539014312973 0.2286177776110751847 
-0.50140189378538624343 -0.27181573403510794762 -0.3512434459282272603 
-0.50007965113086894071 -0.16473592166891137811 -0.124916100250623191 
-0.49468587748986547759 -0.092121235176701676828 0.11803032647147863876 
-0.48921443641842304872 -0.029577267771635433469 0.36824749422562680357 
0.48857412071756800565 -0.030598580420307504302 0.36867750416676475789 
0.49398944816383932865 -0.09294759430823951174 0.11777882805900138918 
0.49894417265623652868 -0.16541574499437017298 -0.12509615788565484062 
0.50015181537697017689 -0.27367024156401692503 -0.35052197730865647385 
0.37079760524620519746 -0.38897204843012811448 -0.37774374595141846367 
-0.25202485226838650112 -0.13295657021309875701 -0.14222123815920639789 
-0.12341768724188639794 -0.38016784488318977608 -0.38772250984623873871 
-0.37260552634585375475 -0.38869671445419706757 -0.37637036895453607199 
-0.37224562592482507428 0.046032644510640020885 0.45790824984985895041 
-0.12589567766819734218 0.10051340886203230518 0.42788529856753149128 
0.12409420201609436263 0.097201908735967998409 0.43000721193011354204 
0.37067751193593501124 0.043568466968148242269 0.45966045762609120118 
-0.12542233960481979915 0.0047731445012210837325 0.19793090378177427557 
-0.44845311302635848527 -0.021167774945625925098 0.35712009714462500387 
-0.43079489280571042764 -0.059187897529330096846 0.20543298152450339966 
0.12162233622765754315 -0.38041600336452763287 -0.38598930634609612822 
-0.43087065337853747149 -0.0022202361411157822517 0.41854568184422252797 
0.43054565608014366829 -0.0048220400626590729024 0.4182803751642308332 
-0.10726535526918226648 -0.058487632447774079436 0.06278927116016641552 
-0.43322460598485440508 0.024102424498415857962 0.47132698863727351402 
0.43204852423742240441 0.023109458268779799889 0.47210397751118321485 
-0.42865950124255330911 -0.03649176629396020527 0.2978742159735524031 
0.42877485626967676291 -0.035115864649510872275 0.29708797286461224862 
-0.4899974597246503083 -0.014438578404237140812 0.43210578485965073225 
0.48975370552002833735 -0.014538837840040270619 0.43212782327511412017 
0.03793867578712856875 -0.3318534199281732433 -0.38017621132489631819 
-0.30983054032616397233 -0.0001263122853453449608 0.27860133883644877528 
0.30960753189562495447 -0.0056119609619513207213 0.27860668597900217769 
0.42867868541447173847 -0.01880293701688266414 0.35835984196504905297 
-0.49188341958757580974 -0.0069163173263053915121 0.46438534375147133559 
0.49173190990986748172 -0.0069796095554859015342 0.46442845409495708831 
0.43091204096730068018 -0.0033948229589841590406 0.40659504517059347206 
0.4889842342053880575 -0.022277127545010329268 0.40038338284739843909 
0.27059937079450602226 -0.0044857747847493285517 0.28156609549077665777 
-0.40142759458977711473 0.018164196911052966216 0.43855665195029169823 
-0.0084940919325960737712 -0.32722939835844733203 -0.37403894918394287039 
-0.4202523450909469438 -0.11121783771476190239 0.0051061576442801752743 
0.46344401710520743976 0.011951248662633622705 0.48064066930062854244 
-0.46461732631204116784 0.012242622564404606264 0.48091135592369577134 
0.45996261408960764649 -0.013601111813530396624 0.40880299756118809729 
-0.4745703658360105881 -0.019538341774441681659 0.39740585612254841763 
-0.034680506637571988093 -0.020160171220813444953 0.13163266853150171198 
0.43118855391805749333 -0.0060959043463002906063 0.38721710493796462904 
0.40007164713553455826 -0.0060506462238306074966 0.38264741214801673008 
0.35613392639171886911 0.028352156448094037455 0.414681514804599749 
-0.016371773655757187321 -0.23258142890023633664 -0.33632483276825697605 
-0.44651577744110504398 0.00068064198342879852349 0.4519916939834047187 
-0.3283113206213691404 -0.10671821338600402662 -0.032791406550967759637 
-0.41375567686830905245 -0.020166937754021153906 0.34133796736899957303 
-0.43761954731187768797 -0.011148479202124547335 0.38974996664757816101 
0.46227857419458379118 -0.0026307866695123444112 0.45477606732705011527 
0.44634253850719973755 0.001309876882097082626 0.45060708311122604774 
-0.48987227621021234292 -0.044843949199080197776 0.3050269628320377846 
0.48901262541374740378 -0.046391768396214054515 0.30526676629372068161 
-0.47762228827943870035 -0.0040693636042130696545 0.45991007095879582467 
0.46175415995411756009 -0.0058261232655185783702 0.43131830517886021736 
-0.4409333143588077264 -0.0048488684094761726889 0.40421522167346962684 
0.4592173885354913776 -0.031673480404169167268 0.33140833994574103727 
0.45901377358985595567 -0.022009970903392506864 0.37816650645072630299 
0.49369922648255437636 -0.0032818729154049756935 0.48071852010574128711 
-0.44661967055285245465 -0.0034497597056629470715 0.42104393967803777077 
-0.49423994594749670606 -0.0033676884400103048595 0.48082994713864946057 
-0.39251115191350621769 0.0080226180852936857663 0.41751444586164743189 
0.39246287888923092613 0.0092132341672795017157 0.41707489676989123462 
-0.30828662480328472562 0.0043923720410407544185 0.33877820757746934799 
0.45443049629530335443 0.0056091836533926769937 0.46633540546747193067 
0.47069319438535645039 0.0010175274777726968974 0.47126727942323248799 
-0.25213636877415396276 -0.21858153830867996237 -0.30957998253696422664 
0.43013626738192489718 -0.049330759919501837585 0.23510899170413313009 
-0.45458892718073817818 0.0047524257065096392125 0.46793192455090520943 
0.48037821262481567031 0.0053508998509240804364 0.48674285113539156322 
0.1138163605431989911 -0.38027451645451398887 -0.38576118038945073074 
-0.43003424284353392038 -0.051210365826764171759 0.23618487224732298557 
-0.46250903998763021052 -0.0018179596334161169345 0.45528934577542390372 
0.45896090076556494974 -0.02550042218297481067 0.36260560965319521554 
0.47720001894023561517 -0.0050619005510252656002 0.45557408796277570895 
-0.36866107620331201034 -0.020599320709390262635 0.28901278859510609598 
-0.48732327883859533069 -0.0022331811303946359423 0.47793988605580828288 
-0.47080176574193288719 8.7796928180123049931e-05 0.47247975229793304219 
-0.46383301718088493226 -0.01313222637755413584 0.41045374103635257068 
0.49057665970740360617 -0.010865284830702693492 0.44823303123526830882 
-0.38022255189111753282 -0.0037315690600458867841 0.38420830391128890646 
-0.48094153241130638277 0.0055080332231158988729 0.48728416486783487915 
-0.28261046894412095165 0.036326977760284796803 0.36998234308741029253 
-0.27756939488873738631 -0.0054690591206701996002 0.29113440656104627724 
0.37020448349258500143 -0.016176373502938205806 0.2871401195836471576 
-0.49086119281990553409 -0.010710120268736173996 0.4481979449600453913 
-0.3438015656462259928 -0.00069098782393625548907 0.36177070729247734482 
0.46201402874597113923 -0.0037796100598331832006 0.44302775306729380578 
0.47913489688621851981 -0.0010057485966916044316 0.47494348385666368406 
0.38020726700373635998 -0.0031336162679876555966 0.38374186916800051561 
0.43793860615675994641 -0.003510969066931692896 0.43502918352234926092 
-0.42318428136009117457 0.0083312689812894483166 0.44520022156413202596 
-0.18578111897620297466 -0.0054117639366013728375 0.2062879565264016668 
-0.18761066891739255902 -0.03961399968927206694 0.088429587477508703186 
0.30823220567749637366 0.00485506957967013833 0.33834730255767453411 
-0.35796072642275550413 -0.00053743529321180591625 0.32987040304101250543 
-0.2247084373415402514 -0.0023047849749007766861 0.22447033033906590993 
-0.20940013795029621679 0.0024518377216066213585 0.2538047137146428045 
-0.46939216483901013977 -0.0052833327745325352892 0.44200576171602634634 
-0.18843599905889715784 -0.26115081421232638759 -0.35369949542507556073 
0.40870605707494517267 -0.0038490399752925796156 0.40910732885740119791 
0.21772084672796609972 -0.19687804971920372377 -0.27926506156433494876 
-0.39943888289114731771 -0.04577973170344912246 0.23258508922691525922 
0.24788521461634935306 -0.0009199108434238623469 0.2708203741639715334 
-0.3722158614647367858 -0.07713917465562600273 0.091949157426185798569 
-0.31091356750891724348 -0.04844907752531724815 0.12960730482961327348 
0.37013913891742072915 -0.055176304633754377771 0.16740177739595504813 
-0.069680249666918339657 -0.34026953597673414986 -0.38175821035019069649 
0.078079649315213814353 -0.19352436479528620228 -0.28764796655548113824 
0.43152644108739091067 0.014659842576631679223 0.45930119040738454084 
-0.46167348617924164333 -0.0055920349138793958368 0.44014070126777116165 
0.30958291935517256999 -0.020138389973372996383 0.21930830977698081985 
0.093342840283550249092 -0.029580916584794874485 0.11269954741442236856 
-0.23579222231597415926 -0.25008564886292133922 -0.34406595390718686112 
-0.29960848067204703948 0.024643783232431711733 0.35491601956843688015 
0.37093080639879333349 -0.0050424261886432347399 0.31665127984430418984 
-0.24774979142336733817 0.0039141372779302715038 0.2858450715573325196 
-0.43316127290905143132 -0.083510354243077122849 0.11321755851296136375 
0.49530298288509105875 -0.0015689456938193060195 0.48912859581731987779 
-0.42160915690699846126 -0.02675560527138082928 0.31916611364342112322 
0.070054970426226409463 -0.22165499968589935653 -0.32533061049773726037 
-0.41052463772784991702 -0.0017045324938342021857 0.41924879670724601866 
-0.19674561999178799554 -0.24245441374351345276 -0.33974974412982755778 
-0.42399720509973054527 -0.21639634054656414763 -0.27471008889876874504 
0.29762844598350396419 0.022162624253156619492 0.35656236352994369332 
-0.42010468796096167576 -0.0029140350950531044259 0.38545807740433529753 
-0.22620824315377827118 -0.31439836648981034362 -0.37062697240005731958 
0.31021985038927896161 -0.0031520919541715925263 0.26311172115421699313 
-0.49545903604417268484 -0.0014476936565233858994 0.48961140444172540631 
-0.39290635426427095167 -0.0074643651512037601653 0.34380083939165195783 
0.27999069963337674949 -0.010018330604815042437 0.21431865201767927309 
0.21934139309997410794 0.036870759018340401592 0.32157186421167704982 
-0.18715281887158083385 -0.013883305301663177375 0.14530859373821866654 
0.40669457567584038626 -0.25796750512983190884 -0.34134930589670475776 
0.15987669890590763822 -0.017814534679841412257 0.12830255975197507601 
0.40103046013055509977 -0.0051582131327494191303 0.35169174527448265888 
0.43105206708113397163 -0.067794458410731603393 0.1742978065344453209 
0.051584528218354110118 -0.30614007995464292966 -0.37089369213929229696 
-0.42549096856040530268 -0.0024214815150182368922 0.40193624374458608584 
0.4749764749771250294 0.0029469346309682780717 0.47940788431119613078 
-0.063624613755269537885 0.082656490594102363656 0.36735164733783920443 
0.42974105158157022144 -0.012648677213899185354 0.37289966151853393139 
-0.43218665857744886782 0.014737554753619538234 0.45940836391857159393 
-0.47566123942799015678 0.0025225671638937942343 0.48016424521527983904 
-0.44410691492615411713 -0.038021983249316403108 0.29964457668003685598 
0.031239332548164737424 0.050246634653431841711 0.27962996055589878219 
0.15737440280171027807 0.020284616163493147944 0.24277705995727721922 
-0.12371214403419010519 -0.012928847776865539168 0.14138838718229521096 
-0.055416902774002574361 -0.26231805183659800962 -0.35546334637472526419 
0.49255543656160677424 -0.0050856986347510568791 0.47254979966389704105 
-0.24959035314315441978 0.013533584122536414587 0.29804651426962475158 
-0.17306379150037110026 0.055422795680849998301 0.345795970512838724 
-0.29778901861353157532 -0.028511500145036935971 0.1928176521153802947 
-0.24855915862052194165 -0.028162797879687888336 0.15318641598575960527 
-0.034714447164175238347 -0.044688267377935013414 0.091182739680489899303 
-0.37540045433132879227 -0.12830234323134737107 -0.073878063223068571319 
0.19425930952230327509 -0.010609724729765387941 0.19871170258924170104 
0.24878285517187936904 -0.026752897196619010445 0.15257831899205476223 
0.33275268466739515993 -0.0032298048596558969967 0.28890792571508028264 
-0.32371480243659600529 -0.022252195028763806228 0.23750836351155749093 
-0.33371171972928004301 0.044933964796295251809 0.43149796554426922413 
0.28029008104377828303 -0.29225812433670678159 -0.36830626755142109596 
0.18608763438047146166 -0.011041098098797707053 0.20607904557144296476 
0.4282668505525610847 -0.028228397477455376141 0.32807651762898182302 
0.24872591124760962122 0.01938316413379162842 0.31297825992343197843 
-0.032129703798154239658 -0.11149875117583710193 -0.11857497398163191482 
0.4232494468737673099 0.0094819158289567440079 0.44421660817567604207 
0.45935369893538596786 -0.018399876302353679325 0.39370844251164072158 
-0.37316169549023064933 -0.090610252899373758262 0.046512976531166629057 
0.37226151177413946414 -0.091066004176566919814 0.046328434247675527591 
0.40436506977754205217 -0.0057567363278833169962 0.39597664788107028722 
-0.3104772639838485615 -0.038837517073990447669 0.15960388188306370849 
0.46074367453361736446 -0.0096306584621254458234 0.4200423436297092139 
0.39389353075814270699 0.025570315404931539399 0.44351995209592859348 
0.20346951344476488233 0.051090329888986658891 0.3490802100444727607 
0.073533035328785634199 -0.26508205071752072302 -0.35881498195496080994 
0.48927595342910479292 -0.018391319585104100309 0.41623637859017947882 
-0.18829903462885172472 0.011409080077948819537 0.24647268790728396604 
0.36252556938063507097 0.0058659589824620892232 0.38627036962967342681 
-0.24686890231429117759 -0.0054806389267365168694 0.26886403855134638485 
0.35529550879996868451 -0.003278394106672541039 0.31482745991741978298 
0.22564546172441879435 -0.2838102621535127934 -0.36429767595075696063 
0.35354715063611180659 -0.0029169889960272460568 0.36090407519753475718 
-0.30773394992919961277 -0.0029172129363214910173 0.32506234017500518219 
0.4756933467146169936 -0.010224015124491661263 0.43624467221302332121 
-0.35294918698764832232 0.023964048649064272761 0.40339693682630756166 
-0.44442970546320881287 -0.019960263391344996997 0.36845644649671110971 
-0.14891342148457806238 -0.06363893191794793569 0.029613824617939016326 
0.27965221123565203731 -0.0034246910787372130368 0.23679106829437440718 
0.43380956654209384959 -0.10067339693146595825 0.051747318470519859668 
-0.21620530887697769762 -0.0051852138089552518921 0.24688131103490890128 
0.33975305627272694986 -0.0061965846322308785338 0.31295575241154605095 
-0.31133076927446379223 -0.058308060220649444994 0.099710490018390482425 
0.056046050618309195546 -0.25422096694109902471 -0.35358077400007487112 
0.41476161660957733268 0.0021733704135633970592 0.42591045185581977162 
-0.36252469349483190664 0.0048855464851949711655 0.3866413430062569101 
0.059753474096813252725 -0.37936393670895857122 -0.38414594690407233291 
-0.061163957748281962135 -0.37788622249880826631 -0.39171808496501731023 
-0.44642191507551687302 -0.001804073067758983108 0.43669670184203179808 
0.44630350662720091881 -0.003275344248911747462 0.42477867322918300141 
0.053155284796461838015 -0.075381570165683919882 0.040026895352210017931 
-0.18536483841887022028 -0.38312208114952828186 -0.37997541630150249992 
0.062013418155601213178 -0.015315456166902222807 0.13879005991523077346 
-0.061615366044751304631 -0.017787403568853665803 0.13997418837195790831 
0.31006189579752702068 -0.039710801155430124065 0.15949998826545722097 
-0.14780047048962080547 0.0019929397209275069233 0.21072711714557676443 
-0.35573596251500338994 -0.0033877740163847777297 0.34659000576561493911 
-0.016335517504337187383 -0.05194124037211630962 0.086498925600900805621 
-0.26528785072883426244 0.047140153839657104873 0.38544536892669639672 
0.36256126246979808458 -0.004613201322871973882 0.3312555764182269491 
0.24834760367478306287 -0.010574861106975684891 0.24117332182479186975 
-0.15063413325820504407 -0.0050477938708198642065 0.17816672846444422951 
0.30169387278829185028 -0.0092116257534354401004 0.28527028866903447746 
0.24998256053387202247 -0.065783171808728252428 0.033312211577470281221 
0.37420920401095636443 -0.12915344147626481308 -0.073803842781932152417 
-0.25091455725989270098 -0.065687959955326086225 0.033488798901186105084 
0.19843289079367110173 -0.0082637947260823501477 0.18736774772811218281 
-0.051201089617941251964 -0.2870830800758238377 -0.3671844358171438838 
-0.18976860221297378595 0.027251154520158273747 0.27333270201709808367 
0.063144201040845379658 0.016808198608717832973 0.19229224547058801353 
-0.3400956284709784061 -0.0082228770175442125745 0.28307179085266520602 
0.081667270069615480188 -0.23940091385370240729 -0.34095466663915396932 
0.18550092295753259353 -0.32027405921067719774 -0.37541088327098937061 
0.31051708264037536367 -0.0071954963593115935094 0.24793910032883320627 
-0.18698053740219638952 -0.32125382930640072887 -0.37121192608969405535 
-0.34717095538298081703 -0.027931602245371611737 0.2323879827831726308 
0.15629702689834096274 -0.23539716433882879043 -0.3350592884101529223 
0.39927961654403387737 -0.045187411005347601078 0.23204384972430860956 
-0.11557671040205816371 -0.0076235733658672165391 0.18122906303384994642 
0.34016717302285870428 -0.027206756913765662437 0.22298252383033800861 
-0.45179437339694555886 -0.0075431975619807377365 0.41089015083109731163 
0.31016916576751574208 -0.060315380500160366284 0.10012864970971062373 
-0.095262644066937601783 0.045414260372630153861 0.28158953434138211946 
0.38548883300337399849 0.00083294615907328600074 0.39776422655697368791 
0.089067938615202651986 -0.076318195092084525899 0.025116712724846109589 
0.30842536399598652341 -0.0021926597056499698944 0.32010349983530500539 
-0.035085214749758453223 -0.33262086865698531346 -0.37776098478313507867 
0.38565354576451504887 -0.010360167103327107274 0.31927696518067388842 
-0.47884080999273070933 -0.013701454021140164335 0.4238254000374114816 
-0.41868359036516372695 0.0032396042713791458126 0.43465647219705949578 
-0.032144715831381613647 -0.20172892923174123858 -0.30088533064670031081 
-0.38045599342150165922 -0.014596239006098883986 0.31669293411531379556 
-0.43157163045844088023 -0.067267145411413153955 0.17471702716646950182 
0.10967809382690582587 0.066318501614214833695 0.3412602007792938652 
0.45891493118672904705 -0.029035776661124727133 0.34704227203263660062 
-0.30850528772618551754 -0.0047548854211889417243 0.30955570193658549227 
-0.46662359406500297787 -0.025976845084066082364 0.36476838396101990414 
-0.23916104807141785882 -0.0037317233007143489794 0.26793355685926006915 
0.024658269886084528688 -0.28263350828727507036 -0.36685494193924966799 
-0.15767825413263172885 -0.23455254227525071387 -0.33576857036020535396 
0.46643856140672962374 -0.044498817700095151528 0.29446178956093349566 
-0.32542869380885453001 -0.0027140437335481681393 0.28037880763576839005 
-0.12593846864069299651 -0.070495997264633375456 0.030908459276471164645 
-0.37525644276945419042 -0.0036792715282998305487 0.36593141845866250517 
-0.48966071961412754865 -0.018248589391441815549 0.41599947152788058213 
-0.34610921471191147258 -0.20926576842532582101 -0.27876488706797986072 
-0.34604182850779530156 -0.17378360222926075851 -0.20872833718299660388 
0.014740692223169388902 -0.31638484092483187826 -0.37677924833714537822 
0.41573962949633247455 -0.0032244459217539971768 0.38489945191137170388 
-0.050090326682744025499 -0.34707460421535857309 -0.38511888634140972743 
-0.079509229656653898632 0.021369027295957205431 0.20707306954728507686 
0.18749956051289415337 -0.01336199965765165476 0.14452104751841596264 
0.37326766444050757388 -0.0068399205932945057393 0.35978105487062361778 
0.029852566439050483987 -0.37694946205684415341 -0.39282008268934587303 
-0.030563910351859523845 -0.37808948313844870093 -0.38899533516093887098 
0.41735793305527446595 -0.086083727540852209015 0.096383724989399899297 
0.034444635576044387026 -0.27908682487334651734 -0.36521749142560633317 
-0.50171706817210481866 -0.25374786462243520413 -0.32569312571581127136 
0.15272546822008467582 -0.38163647396456096272 -0.38273047386568942452 
0.29520420534762165099 -0.0047545337139797763659 0.24223186715879146957 
-0.15427585526839066032 -0.38187528530613540356 -0.38299267738631043168 
0.093733311233105340299 -0.21200557339021672276 -0.31308209824949839728 
0.44368686590303924033 -0.020981835570735102303 0.36842493586337482503 
0.32936529915939771751 -0.0039451692006024965259 0.27678526904707440037 
0.21778915756870384501 -0.0092905443864865263487 0.20787782280812058811 
-0.032014085560559603361 -0.25778297747039707888 -0.35511347156257783153 
-6.6736274414718642833e-05 -0.34796619317671395599 -0.37949672473175799503 
-0.37775179420144494591 -0.00400436479474498494 0.37507227684421362568 
-0.18938373508698000403 -0.21508371194518721703 -0.31150629333360801976 
-0.46733269396882326507 -0.016851900008918861695 0.39970056597141118138 
-0.00060656469017494614015 -0.28691573572584377905 -0.36582814186184714478 
0.40082368318842487298 -0.060648810456120687273 0.17062443410543304267 
0.45006279202634952297 -0.0039632031813618146671 0.43912868875502475419 
-0.35829137341670624917 -0.0042954814715453031038 0.35565416218548256966 
0.48810002391548584777 -0.00095006614162003997538 0.48583140187490297945 
-0.094716660361424967474 -0.24581003667964201886 -0.34564169273630046542 
-0.40657093175130842866 -0.0049696082076541893413 0.36446534864136703735 
-0.4285315653442064443 -0.0024066876214140732124 0.42805710564051735467 
-0.4465043539342452017 -0.002703391112707388428 0.42889420864631500052 
-0.28077042055730089265 -0.32345685685340469506 -0.37296068302915452719 
0.0091661527654904300516 -0.19942704796931681743 -0.29766720667001872469 
-0.11509475873810250113 -0.22205550265786039299 -0.32462215264102090018 
-0.46238127630269432178 -0.010585751979728354882 0.41779510721719109734 
-0.27960117781072851839 -0.0011594009488136700937 0.2444980130599331003 
0.30117639164651704986 -0.24970568381940433378 -0.34110746662836216592 
-0.28643462239137451597 -0.0013900826568095695727 0.26864309870114461143 
-0.3907556357653750867 -0.31126840518621362586 -0.37071162279384367588 
-0.50171190997212533613 -0.23881755454376268899 -0.29810933234793202118 
0.31365113407471612028 -0.17790958602817502632 -0.22477055036626791829 
-0.1893700530541624627 -0.10083243566390354129 -0.088663811712569332024 
0.43816767188681732259 -0.25005439842864229938 -0.32814159027093436904 
-0.21734877201164271021 -0.0013132216316000667848 0.20830908019500998796 
0.01502490264690237512 -0.23226362899881866642 -0.33661408069540421639 
0.25088805465488323021 -0.21899165045614082947 -0.30957537244688471123 
0.1874301736913941141 -0.057437604316168663909 0.028669459903912258847 
0.49986100801182908882 -0.1864188664149697694 -0.1844496386606986893 
0.33619670903925152894 -0.0044398266620555501549 0.30098017182908909373 
-0.047897627176461010645 -0.19303552187400030427 -0.28785296463653753385 
-0.2209201646167225086 -0.19976921535054240064 -0.28421669459266579727 
0.046570186020456087739 -0.19323511817847979777 -0.28775114565987380821 
0.37661359856213805219 -0.0057207978422423172438 0.37191446491901314353 
0.31361484928976479658 -0.20702902583609703036 -0.28038052123832635232 
0.46961569624669352585 -0.058958930745831271414 0.23845287931801628645 
-0.45938852478536545965 -0.040345804669123387642 0.30143224279034397384 
0.27543840039985451051 -0.008764008296335753026 0.25530405918193194159 
-0.4082631498270767878 -0.2465802803282284017 -0.32964030129045179818 
-0.50105152079923565012 -0.18567685576853537599 -0.18431505530901687306 
0.25050591326614529697 -0.10940394349172201383 -0.084261163851532427937 
-0.12101514605660011747 0.034192474931560946916 0.25913749405376373947 
-0.30909980303188783202 -0.0017891637844023140173 0.29417483662604965167 
0.44459120596772666589 -0.039555393466827848403 0.28298484536665813316 
-0.48449532886359586437 8.5372655377250267141e-05 0.48380958029526316411 
0.47657352570035343975 -0.0070880384595753383528 0.44782663263536426346 
0.30966925259093153189 -0.051319440815872273409 0.13024678922960231109 
0.14738926147152442425 -0.28202513542961088477 -0.36316659062110778766 
-0.063338208854514577162 -0.10315450822722477264 -0.088150520340782134721 
-0.047633095576785397518 -0.10077806050250721903 -0.072390448012481969919 
-0.28677460266143700585 -0.00060893765034911195334 0.26084613186916716376 
0.022529299734319840204 -0.3162895810589242962 -0.37725426470578132809 
0.50056028799790297512 -0.23958626812529001948 -0.29809856191385158963 
0.061576658165398860667 -0.1032388316099298875 -0.088379996010075831392 
0.11028436715949779812 -0.072838630222823136373 0.012182418367047311361 
0.082954290154523116496 -0.38045878417851403119 -0.38088053190484538746 
0.26490568578849726933 0.048777849056578947984 0.38543445461105779737 
0.030804793226120192468 -0.09878532338655189593 0.03910600817441746424 
-0.12614422665821042879 -0.24027285991160951539 -0.34049705205250424545 
-0.46757103188104270908 0.005467719363646728406 0.47738906690117660636 
-0.31479853664991702678 -0.2224739061591067546 -0.30736341158324503864 
0.093732391837749728936 -0.13226167318403425632 -0.1780358128272859497 
-0.045625711094154232372 -0.37725082293925854549 -0.39302232636011374955 
-0.27833165534567061439 -0.0041290537819435929254 0.27554830961687587498 
-0.10147680062239959609 -0.31086514588806180015 -0.37301838853139457353 
-0.15805726733393288264 -0.16582698803753720407 -0.23132314298700581978 
-0.15327366730188990429 0.010331859964805518992 0.22225161201288989865 
-0.13430548847230006082 -0.325322761027867835 -0.37438084722717418495 
0.01442291565173927162 -0.37691789167570516339 -0.39265061635258080575 
-0.37664198776672141999 -0.15973539267145819842 -0.16295466893253579554 
-0.34133316007388164737 -0.0047134034287676521494 0.34549111370860047243 
-0.34596691012648572716 -0.00069729822622811594296 0.31185423378203247502 
-0.099096012373236647131 -0.18165661777166181023 -0.26734681394054721215 
-0.18955280305389235473 -0.15296891238667206792 -0.20266682154718973496 
0.015020400582182527605 -0.25818196530590703519 -0.35430475065584970951 
0.044773472268331726553 -0.37816564909925154403 -0.38843657430749389814 
0.35920848443885983192 -0.011026528229466012881 0.28900455049939216545 
0.15641043929182490979 -0.097462451024137378153 -0.090165486335855721256 
-0.076627764532550546317 -0.37870466178888345654 -0.38966877704803010163 
0.19118540638330550063 -0.0089485448516422039233 0.15976774732522705524 
0.29335298818992183723 -0.0079548935342324423453 0.29227955972126645756 
-0.046831612695406366065 -0.068831890588332111935 0.060673274885817807256 
0.13513944211952072516 -0.20259725968938752105 -0.29838446018790104608 
-0.29463825943247373695 -0.010904671437732415748 0.23198619739066811407 
-9.4372483734758938435e-05 0.0013482599051557392963 0.16468088557948171169 
0.38340459810275295816 -0.031886091004822335326 0.26833545600709657331 
0.35406160220682564299 -0.0070758785071356293528 0.34585154864975514721 
0.1225581566028325492 -0.065761292550496272535 0.0344236321526654801 
-0.37105949240080521312 -0.064657152963614045182 0.13766112799549037882 
-0.46292651630802167384 -0.033116090755724643391 0.3330974879226298313 
0.20680186005354450618 -0.044858353213122849346 0.082489535127722460328 
-0.077249539839506664585 -0.02474600159927850887 0.12679843321044928506 
-0.023862157741600772271 -0.28711325105918217293 -0.36585361036587588091 
0.030782890161613500613 -0.21076556807052890252 -0.31373419785689549144 
-0.14663934138022258202 0.022214406141392879085 0.23689989668271169143 
0.44876286214431615473 -0.055702016523907250944 0.2339909079396403635 
0.43553531785820986943 -0.32892313684342888713 -0.37364328086664277961 
0.47482197444153378951 -0.014344044544428485172 0.42071228849748831813 
-0.46204335722317030344 -0.00314132253306175337 0.44754421598360355494 
0.34241830267186135206 -0.006356398711303764236 0.34053871770990840062 
0.022204202456024751955 -0.36149675918721374535 -0.38995544757411088055 
0.060827727066020048641 -0.3182559290620328718 -0.37103879728214245182 
-0.46482530840606828271 -0.095433651845500080957 0.084837759618318769883 
0.33157039866571286213 -0.0084277623090636237524 0.31985204429041197427 
-0.2475114728110561213 -0.0057692815728940128467 0.25617150139296707145 
0.43831873702225282452 -0.22622436710173268737 -0.28762648297289600263 
0.34081973292449224688 -0.06620614428684089281 0.10335831966364318613 
-0.00067102940731577525365 -0.2109498617531977982 -0.31354820865487709192 
0.39280967433671687417 -0.0048240397274646957052 0.36612949105641823255 
-0.31340848301298174228 -0.27914777749545033325 -0.36043661200357213215 
-0.1580998908597218422 0.017653688885929823271 0.23472778451286843704 
0.27930703481573554425 -0.0041347022771388436402 0.2445983463565116478 
0.026775536066272614955 -0.23826104041293394431 -0.34176535077246794625 
0.44360167440476533374 -0.028640607739816296984 0.33758683873053246804 
-0.0036274361037277173293 -0.064845862675529483687 0.076626284307000844254 
-0.14290810751019519809 -0.003739517562357382377 0.20204033718047303969 
0.1088795624948964702 -0.25918006761651207759 -0.35420434328337918606 
-0.032190198677650681824 -0.1604790345983875266 -0.23411339019345520085 
0.4463121885212390505 -0.0057980931870900828326 0.4091935799046020894 
-0.00087476705813399320642 -0.10099341666222093339 -0.055978694804139896013 
-0.078739929687511103773 -0.27354445445262126624 -0.35986425398876226156 
-0.21659606430047192993 -0.0066336927720931941274 0.23721344257749779616 
-0.01206580726524650142 0.021798937593349391323 0.20253983963679700331 
0.2026675272199735256 -0.0066452217043350813447 0.17593225340264229128 
-0.32787535777421161765 -0.00055554304237633044851 0.29520142121376297117 
-0.40845893136479877183 -0.22965606767694082824 -0.30324280575316192587 
-0.48962111762383425662 0.0023010275170170140305 0.49178863444044951247 
-0.13732502004568486464 -0.27117468946899947468 -0.35786129881382572338 
0.46656797175678105249 -0.035782657717872867753 0.32520676498633127594 
-0.013823065294253934418 -0.099868452000227328491 -0.0085061044484199856142 
-0.24893469411745550168 -0.015481472363366853562 0.18183555617599830856 
-0.016948442623720878092 -0.30624014220456791113 -0.36973106106828079742 
0.35075977802976726627 -0.0075584357657394914132 0.33367965095171647771 
-0.22793960185520220629 0.037900628717763215625 0.32918826989828203766 
-0.37086123210500604452 -0.00064431999208281159463 0.38597553717170057785 
-0.39598688235424783777 -0.030446113305703226964 0.27318339971016514234 
0.2487329939444690996 -0.0072910540125583562024 0.22585540362199008069 
0.43120710972428893948 -0.0035873564822486289291 0.39674112736773486931 
-0.14090945893778919484 -0.068704896582607657973 -0.0011361580343640426041 
-0.38527434922897046965 -0.054933502137153367162 0.18505741408793272007 
-0.40548881051361701511 -0.0038704714689516139803 0.40112713497218371872 
0.49797237169805169676 -0.33112841266790182804 -0.37445661287916887083 
-0.33124317308348161237 0.015108602421611666208 0.37031513195310156172 
0.35192302648886669703 -0.0035737735201116617792 0.30264057928397464226 
0.41578507194210284625 -0.008246928572490206874 0.36198977079712041371 
0.50052744589794173624 -0.25480523626834544748 -0.32549900930826641821 
-0.16035952679061588055 -0.29358248621176863402 -0.36626491038154912472 
0.14182092062359075157 -0.35032169271797031218 -0.37936001220010268087 
0.16380720932545869695 -0.044331252075394449175 0.072631714368208838417 
0.37825608114443992624 -0.0033931892044716752826 0.33307835120247902827 
0.10847546470302520116 -0.0086388704367606830581 0.17056920150218193855 
-0.15565586212076851225 -0.018705210820785182768 0.12863939791786968558 
0.40719279821786796836 -0.21214178899640753762 -0.26854001912896424686 
-0.31171352367937305017 -0.073962512859692394751 0.055182604129384374425 
0.35427058667411764903 -0.0490926297913767129 0.18123079325538421491 
-0.036033023319694199027 -0.21615377291316556496 -0.31948920160514682198 
-0.12559803878840411495 -0.20063705317632601899 -0.29603012766891045882 
0.40848568961008940859 -0.0035111333270231234738 0.36820578529285491465 
0.099655443286706293926 -0.31865766185321064974 -0.37315354919385163024 
-0.40890263160497097861 -0.012809659760809988943 0.3530026806448901544 
-0.011504163889405628549 -0.37888345840583648183 -0.3848632738160451261 
-0.33951270193193527902 -0.0013420579574310921057 0.32098082051098997258 
0.43829102351903059809 -0.24132295615731241822 -0.31511205341258902157 
-0.31030445093040931459 -0.0034629426141823166536 0.26326773728555435961 
-0.45502312164328651001 -0.24981500357525565637 -0.32789044069831196904 
0.10566338858359404507 -0.18989992732190855151 -0.2807469847154974163 
-0.48482686028088262109 -0.0055678002436872009798 0.46231131944517184218 
-0.020506972008865000795 -0.3521058899734658687 -0.37966458605399977522 
0.084196320108578415198 -0.31872561107483371456 -0.37104801704098278048 
-0.0084737032023284898641 -0.25727797088792603297 -0.3557090043703996507 
-0.044101564190065577209 -0.09524645241996591849 0.039643597386730074217 
0.48919743247152863708 0.0019575912544124661994 0.49139709992111713088 
0.4821583882296587853 -0.003044259611698473672 0.46957354650467264534 
0.0032945604572987741317 -0.26436453078620847368 -0.35920554374599056313 
-0.095137014533225108814 -0.13284859633589424233 -0.1776770280582806727 
-0.18654814213426196279 -0.0046831100153506737341 0.17522597528192596084 
-0.46073139432574267138 -0.055900148858259814111 0.23941947484555983761 
0.077797367845655857055 -0.047285312646629010236 0.085846748294697003412 
0.40695928102094902634 -0.1884898870521500569 -0.21891283091729710208 
-0.11944003589608710725 -0.0097361420860754190748 0.16152366535401138647 
0.22588999315783250821 -0.0052958737922218866029 0.19314442782325602632 
0.030102785317058199099 -0.34658429607441021414 -0.38538577771108351033 
0.076274270004721575478 -0.081961161309908076023 0.0030529091039309418955 
-0.075395441502578680604 -0.20681107469630460871 -0.30703933442149317079 
-0.50163780401773683248 -0.22461244920659778623 -0.27012912039841147083 
0.46251420188444170023 -0.080383373755536322025 0.14640402229646690135 
-0.31432783696605465229 -0.24698429645206629313 -0.33798790860521416013 
-0.051649237244533921509 -0.23884051550544591058 -0.34123870012107115901 
-0.098315081322564196187 0.005488510856539910443 0.18451234603980401494 
-0.023001600217115565628 -0.37847551416951358272 -0.38707918387915363212 
0.48876284224617777552 -0.038553420540838413688 0.33698432628715868642 
-0.055661316496689379474 -0.22167183097518566859 -0.32517648292787820763 
0.12494732913157720333 -0.23369451855660725026 -0.33617942078132323491 
0.20798128263868961851 -0.16638220097522921082 -0.22666675809050076951 
0.037353290773776436084 -0.37751760641462589474 -0.39078452788435485976 
0.18524856327860275695 -0.25680591966391319581 -0.3500666929580927289 
0.37600414976050555715 -0.22789777699443997117 -0.30467496799650828354 
-0.39509123131551571184 -0.023982004998685680502 0.30406579756960594452 
0.031028845131281342778 -0.0070561283497698442171 0.15170332727943580675 
-0.31461316286508134166 -0.23402611594373076698 -0.32323595215910172485 
0.016140984953081565639 -0.087473676703084549122 0.052061616702948176894 
0.022129250423449223217 -0.37673246730495613122 -0.39352420281152633574 
-0.36076592460751683022 -0.0039936546378123091716 0.36477268841528298626 
-0.17030415957742847666 -0.00082720132949821968075 0.22320929190483060345 
-0.40293102729996393974 -0.0032692995384381228971 0.39198055685138372128 
0.13126291579333115855 -0.18235474462304868126 -0.26591557468904747363 
0.12438963553467020928 -0.011885953599942673115 0.14057837686823435042 
0.38542122305999254595 -0.0030861723875183428092 0.34967684614124067144 
-0.38203328964003363533 -0.0018676811959322634112 0.34539964477663021025 
0.12470036881311602484 0.0029197955615696729106 0.19945443904798168533 
0.34834126703071760511 -0.0054098729646542657867 0.29065837486970941272 
-0.47591034059245729271 -0.0098381412266865583133 0.43662535487216252994 
-0.26371694517698485161 -0.0010487329948153569642 0.24316783211125714281 
-0.043376918247004972451 -0.28700608590118920072 -0.36701795037490914098 
-0.26204410488992435635 -0.0023226420902781167756 0.28923756196522604212 
0.50048382010534497866 -0.22502649549200590129 -0.27032745164959565143 
-0.062187372356281994668 -0.080536561487172045326 0.0042852387153837186509 
-0.054151700059887508676 -0.040029523327975505276 0.098364825418121623612 
0.13355322818997797385 0.043109163646491810429 0.29207183077916698544 
-0.49962929858172039355 -0.33085357419489885844 -0.37090626546338228975 
-0.031994898080292669129 -0.098937811049598617386 -0.056439042641570236203 
-0.094130169830865972891 -0.085979741527079572849 -0.028000839080399752418 
0.06114172318905768122 -0.092084243931382675497 -0.026253729650714166532 
0.030196383097698637626 -0.10040665220406398694 -0.056325322761266928551 
-0.030638365053632141133 -0.10486698748963139971 0.0057894069595991947894 
0.0076125229102544517135 -0.078051659651012655905 0.065156352817647644748 
-0.093066914754712057323 -0.032212131552331317585 0.11407858873884367534 
0.10141857393024382439 -0.068868199420617448592 0.047337991422524837437 
0.031121743775599217119 -0.052571652591027348556 0.087135384855657166403 
0.013732903104274206754 -0.10412405595052176555 0.0096049808330950486174 
-0.31212288497533985376 -0.080898031367138897862 0.032638760453481796553 
0.46537005793218860772 -0.11316565714624322869 0.023346738612763904414 
-0.084836517322865914736 -0.067065624508030899364 0.044260660852014903355 
-0.00087964681576815559588 -0.10722202782725359649 -0.087089515387762661547 
-0.18844947614197371522 -0.059417059160075821889 0.029235931958321133978 
-0.35208753387623953346 -0.0031131053721696879885 0.36346561883936601145 
-0.03853457583908113937 -0.032060427751786982342 0.1112699456785415375 
-0.085439767879696079667 -0.077159974505822112589 0.032769411268885578759 
0.21858521807864769726 -0.0066573597694261354984 0.176951985760298941 
-0.50172927814326695461 -0.24614538072739103325 -0.31197738542702529996 
0.077712280063731917212 -0.11437793162617795883 -0.13429315896317348122 
-0.43467766065698493216 0.0041663416380365355524 0.44875300640905479987 
-0.40745665347192561168 -0.2752862450229890956 -0.35631721160501167445 
0.087715669635300530516 -0.22495232493584285671 -0.32776840169511528567 
0.18714556111945462868 -0.027737413599387718971 0.11712482183815312031 
0.17101745054233050136 -0.0093140866754438927239 0.17414554658314759794 
-0.0315206223798925253 -0.077006635359311695344 0.064626940716557446098 
-0.079252118670036175718 -0.11473408006104769685 -0.13405620818131569472 
-0.10307273599214629434 0.015451653657838711545 0.20125804931519078456 
-0.24923785242273593932 -0.037589439600684712572 0.12330310764632380904 
-0.48925650224478328676 -0.023899687118424262772 0.39205792950994095003 
-0.092460918517089207835 -0.0070208004366477290425 0.17003451589195456295 
-0.12609200396165509694 -0.097277084516068312858 -0.090291249898991177147 
0.12484072205931125155 -0.029569138173797762659 0.11469028924656883561 
0.09300825021864428388 -0.013075387611399914151 0.13921945416903927506 
-0.070871789506500720845 0.0050258264839897282342 0.17154070417124209214 
-0.40790305295420359322 -0.26012322479658933627 -0.34384266297985477401 
-0.48938204077796892966 -0.0371768033555009772 0.33661928639557819887 
-0.14877240652650397523 -0.0076500354654759697426 0.18810715446006839868 
0.24789164015648038064 -0.0068071819313353975137 0.25634355202042752309 
0.26479409466224107517 -0.0058222815988654532185 0.21212991348330736963 
0.23415388309294693503 -0.0095586219905130186125 0.17876304824368255408 
-0.16005578652351140634 -0.0060444661376776445336 0.20908308613385093166 
-0.27102773772984012357 -0.0024358656315174934126 0.25936011443339956895 
0.023432108842957582312 -0.032659991905070566431 0.11159414581603040173 
-0.30805690527203721807 -0.0044939110724845372086 0.31737861128348326956 
0.46790136056272524367 -0.29968192093193490866 -0.36627171341315872821 
0.26422108237945624021 -0.018645207085486163734 0.18357107358183855084 
0.15595863353970457199 -0.023583883934471385618 0.11361669353677467109 
0.053631775797402324313 -0.067018813306206362346 0.059423457820880765112 
-0.031076488700555408157 -0.0074761789629925511427 0.15163081547829501683 
0.16341029661769188031 -0.0083646068565951317564 0.15818306916239108229 
-0.38984340260456662453 -0.0011500026087809687905 0.36003397729178027165 
0.49914418957565342971 -0.30113287825207957216 -0.36562540277551136558 
0.052051643152165351369 -0.084815505684658148988 0.02039985699491131052 
-0.092426244044150063228 -0.015917373014808586934 0.14081372488442306379 
-0.29260830136181803507 -0.0044699249098947759634 0.30813051494213394843 
-0.024132362403804171608 0.037233296971025953148 0.24262904096050585956 
-0.11762276537542168398 -0.011268407381011371141 0.17169327438998349677 
0.14387113328410869317 -0.064116727427478370505 0.021714887713280554837 
-0.25193964155726861209 -0.23070064196916312271 -0.32500706444540039541 
-0.26263358389693647332 -0.0056121909144019634097 0.27216484290985881733 
0.034655523126838103098 -0.22720497922012911074 -0.33062963213131207896 
-0.50161913145408187908 -0.26213694300519579938 -0.33892052565699959388 
0.22564918110542991903 -0.0058977456053271367503 0.20094801442658982715 
0.21722749181374265137 -0.010424120796017795343 0.22352103468182688006 
-0.12422903340356145074 -0.027361089374464110657 0.11367852199863498486 
-0.03965304580992570771 0.013555139978066736012 0.18476551041647165663 
0.15539266939844650905 -0.0039817921529357357471 0.2027012019898276618 
0.27967920671507157104 -0.032258791883776893883 0.15574306309588484276 
0.47388237011644368524 -0.027444126636501853939 0.36580127028282644064 
-0.44545813851672350081 -0.0017424687712809727377 0.44141904609497517598 
-0.45999009164645043857 -0.048094109166300261227 0.27042073405264549502 
0.1002585237928192291 -0.080590405055025779446 -0.013794859425297685551 
-0.32465676353779243657 -0.00045895605959155147575 0.29979537210662010605 
0.011779534525907587802 -0.023703442976701929318 0.1244914973970228933 
-0.0070721004283308235017 -0.08372009551128548055 0.03443986886621667326 
-0.047192080596542146376 -0.090371347574913371559 -0.025835469496319530408 
0.014725255955558697735 -0.1042060408052164211 -0.071585238356363059542 
-0.15719736602896747235 -0.07905649860756064351 -0.030343348213624662252 
0.16381274960238745297 -0.012403624236970708927 0.14309853507289105323 
-0.32446535689774924638 -0.0041189073384855683438 0.3353007583256106261 
-0.089216052662902611825 -0.043589353107904911522 0.093249485090192693604 
-0.06940829207260128253 -0.056023058228827797567 0.071908960427696150264 
0.061411378696327942328 -0.097232571975828241406 -0.057372169237467053604 
-0.064751189185085183952 -0.066328182309392552662 0.0501484039662601494 
0.31241589890588966627 -0.0087225514511952186025 0.30605207800235467719 
0.33430697501964978802 -0.015544223667643455519 0.25411790238298964661 
0.31159722431317615765 -0.099240599939092094539 -0.019383521988502870614 
0.13296222229419116245 -0.05691190053270114152 0.060231986936996724513 
-0.50051087011128114757 -0.30021632642995083051 -0.3645440431296184669 
0.13959560843397897378 -0.013238870884533697828 0.17251376332622705978 
-0.050184466095362499638 -0.053732746571424606918 0.078917779163039172841 
0.062406337284798420184 -0.035016931705329074065 0.11439702715083928386 
-0.013344348536311294653 -0.028460855180343479914 0.11801936018587318167 
-0.15651948610277735541 -0.052505192749391964291 0.058728168971001665222 
0.03785601866565948409 -0.094228483645599145357 -0.0091158787058620103366 
0.21023369868875360633 -0.019320621338156897945 0.14835229511074266018 
0.054263548475089407042 -0.23311376849535453415 -0.33595013407974366748 
0.089056326765901347442 -0.051895478211271620084 0.06275180301606667066 
-0.073580432715607754779 -0.035910554687475539082 0.10600395413851737558 
-0.1091827978020363521 -0.073247928840117965121 0.00041757863035124287475 
-0.11004449549243343343 -0.090204912667186179509 -0.059454817885832726698 
0.0077661512605673478638 -0.10030812357561842696 -0.0079303571358648686923 
-0.062876277292427368293 -0.091206050148495643182 -0.042296529403782180678 
0.030117213599597111862 -0.097060611131848925637 -0.024547696486481099254 
-0.18887654602265036008 -0.080013804629240292687 -0.029655247371636696274 
-0.22960838687903689648 0.0081713452464181705881 0.27575092528425637628 
-0.29775927781000921524 -0.10180669833914580968 -0.039686725955965514168 
0.24790087007451722112 0.0081438006910476527789 0.29244401954889076567 
0.31129908773428394131 -0.088942899473881939509 0.010344499365629061804 
0.27087205084340182371 -0.0094443921662325045624 0.26668902872972732876 
-0.078706463185505379232 -0.093665906637836970905 -0.058221206834874604519 
-0.49305431929971038629 -0.075716366058889650326 0.17992899119001448671 
0.18659295828195665568 0.0025048752616459446507 0.23425483997031357197 
-0.13005273749818657691 -0.0083137830914028279516 0.18723779151218744587 
-0.01643200084546000625 -0.098755067370981969299 -0.040121312793236559024 
0.014615266070991259767 -0.10019549615352037197 -0.039909468502503354925 
0.48874617379863793953 -0.026426932466192869231 0.38452552891821728531 
0.39849147296164505461 -0.038083326378059008388 0.26287634032620577074 
0.092690409254599551159 -0.093140671325470103525 -0.05875940850357416062 
0.030470385486507066408 -0.11141582201016322906 -0.11868562290557356509 
-0.47641095318860388064 -0.0078318465746493471508 0.44435076358068026359 
0.30992505567885475504 -0.013900995323699299328 0.23373519945053977676 
-0.20100114194346538343 -0.0019468401984288263504 0.24258633367646056933 
-0.13425202204767891501 -0.10558219469246346578 -0.11233359683944207918 
0.37686985282153773191 -0.023961682423648343609 0.27772562362088298871 
-0.089378394822143603093 -0.01470986070456134498 0.15609114563632861539 
