1457 20 0.328791 0.671209 0 0.490139 0 0.509861 0.0606269 -0.953706 0.294565
1457 28 0.276407 0 0.723593 0 0.158875 0.841125 0.0424727 -0.965338 0.257525
1457 29 0.129794 0.410813 0.459392 0.917564 0.0246118 0.0578238 0.0427447 -0.965319 0.25755
1457 31 0.127063 0.519147 0.35379 0.0246118 0.943645 0.0317429 0.0428845 -0.96531 0.257562
1599 6 0.565599 0.434401 0 0.999112 0 0.000888106 0.0760158 -0.94188 0.327235
1599 11 0.728426 0 0.271574 0 0.240413 0.759587 0.0760673 -0.941875 0.32724
1607 23 0 1 0 0.191322 0.598825 0.209853 0.0427913 -0.965272 0.257719
1607 28 0 0.856511 0.143489 0 0.394531 0.605469 0.0427996 -0.965272 0.257719
1608 28 0 0.247281 0.752719 0 0.313985 0.686015 0.0424993 -0.965312 0.257618
1609 28 0 0.143492 0.856508 0 0.394528 0.605472 0.0427301 -0.965276 0.257716
1652 8 0 0.546484 0.453516 0 0.0423144 0.957686 0.0760043 -0.941757 0.327592
1652 9 0 0.45666 0.54334 0.839896 0 0.160104 0.0760084 -0.941773 0.327547
1652 17 0 1 0 0.353609 0.113692 0.532699 0.0759545 -0.941793 0.3275
1652 19 0 0.579329 0.420671 0.0478443 0.952156 0 0.0759624 -0.941764 0.327584
1653 20 0.367833 0 0.632167 0.830905 0.169095 0 0.07634 -0.941821 0.327332
1671 17 0 0 1 0.353595 0.1137 0.532705 0.0760608 -0.941828 0.327376
1671 18 0 0.439193 0.560807 0 0.713367 0.286633 0.0761769 -0.94186 0.327256
1672 18 0.751498 0 0.248502 0 0.847396 0.152604 0.0761995 -0.941865 0.327236
1672 20 0.632161 0 0.367839 0.830899 0.169101 0 0.0762451 -0.941843 0.327289
1711 9 0 0.867328 0.132672 0.696218 0.303782 0 0.0761395 -0.941825 0.327366
1712 11 0.273488 0 0.726512 0 0.641654 0.358346 0.0761663 -0.941869 0.327233
1713 9 0 0.132682 0.867318 0.696229 0.303771 0 0.0762712 -0.941859 0.327239
1713 11 0 0 1 0.204532 0.678401 0.117067 0.0763038 -0.941861 0.327224
1759 23 0 0.33845 0.66155 0.586573 0.413427 0 0.0479019 -0.962102 0.268449
1759 26 0.46629 0.53371 0 0.0858091 0 0.914191 0.0563323 -0.956555 0.286059
1760 0 0.512339 0.344217 0.143444 0.0725322 0.833702 0.0937655 0.0741224 -0.943374 0.323345
1760 6 0.434406 0.565594 0 0.999106 0 0.000893785 0.0759347 -0.941923 0.327133
1760 27 0.0236214 0 0.976379 0.597209 0 0.402791 0.0687038 -0.947595 0.312001
1762 27 0 0.981525 0.0184747 0.614707 0 0.385293 0.0621654 -0.952455 0.29827
1763 25 0.414179 0.247501 0.33832 0.126924 0.77037 0.102706 0.0589593 -0.954751 0.291502
1763 26 0.462306 0 0.537694 0.0818434 0 0.918157 0.0589502 -0.954754 0.291495
1763 27 0 0.0191518 0.980848 0.614516 0 0.385484 0.0589511 -0.954754 0.291496
1769 181 0 0.619613 0.380387 0.0192963 0.980704 0 -0.29329 -0.887272 0.355991
1769 182 0 0.598506 0.401494 0 0.0197872 0.980213 -0.29345 -0.887235 0.355951
1769 183 0 0.619611 0.380389 0.980705 0.0192945 0 -0.293279 -0.887297 0.355937
1770 183 0 0 1 0.630449 0.000866583 0.368684 -0.293265 -0.887317 0.355898
1771 183 0 0.000728456 0.999272 0.63071 0 0.36929 -0.293245 -0.887321 0.355906
1771 186 0 0.000729159 0.999271 0.36929 0 0.63071 -0.293244 -0.887273 0.356025
1772 184 0 0.45107 0.54893 0.449972 0 0.550028 -0.293339 -0.887223 0.356072
1772 185 0 0.180738 0.819262 0 0.60624 0.39376 -0.293248 -0.887202 0.3562
1772 186 0 0.180738 0.819262 0 0.393762 0.606238 -0.293242 -0.887219 0.356162
1773 182 0.401499 0.598501 0 0 0.0197896 0.98021 -0.29357 -0.887219 0.355893
1773 184 0 0.54893 0.45107 0.449973 0 0.550027 -0.293545 -0.887239 0.355864
1773 185 0 0.819252 0.180748 0 0.606226 0.393774 -0.29384 -0.887162 0.355811
1773 187 0.564636 0.246236 0.189128 0.464793 0.402106 0.133101 -0.293818 -0.887159 0.355838
